-35.3637917558484 -7.59858768960927
-35.3679917489698 -7.60375126325293
-35.3714379524796 -7.59979640637757
-35.3702370976268 -7.59793244825909
-35.3641046678445 -7.59757114000851
-35.3634571103945 -7.59799764619907
-36.0203400634632 -8.36740829691598
-36.0139503947024 -8.36196368242921
-36.0136683841756 -8.37142779829986
-36.0197053609959 -8.36400379642686
-36.013614518897 -8.36971723233657
-36.0209650659359 -8.36648200497804
-36.0164364521422 -8.36850596134625
-36.0190770592012 -8.3666933665595
-36.0132131388977 -8.36464713790063
-36.4002964905347 -8.19832533538807
-36.4036500353785 -8.20160209720256
-36.4030514375539 -8.20337346907705
-36.4027815583092 -8.19781688635703
-36.3990923774056 -8.19960755489767
-35.8283433260971 -8.72011979185119
-35.8361451358085 -8.71529660811257
-35.8320804620108 -8.71918299206141
-35.8321604330178 -8.72157461389741
-35.8286051286237 -8.71241557281539
-35.8369313885474 -8.71763230162282
-35.8335322419081 -8.7181243222354
-35.8378135279186 -8.71404263630118
-38.7142043569366 -3.88544975121897
-38.7126808076289 -3.88365069973441
-38.7127634108377 -3.88813580956236
-38.7171907471361 -3.87972760691233
-38.7167088302232 -3.88723334352644
-38.7143639625593 -3.88264992564842
-38.7203330264458 -3.88010074244738
-35.1874871659341 -8.0156304763102
-35.1842067397635 -8.01470117690116
-35.1807189431849 -8.01962397989426
-35.1805373487707 -8.02044003073899
-35.1845457693461 -8.01458887657458
-35.1793453224578 -8.01656689059297
-35.185231790614 -8.02072061922243
-999 -999
-999 -999
-999 -999
-999 -999
-999 -999
-999 -999
-999 -999
-999 -999
-999 -999
-999 -999
-999 -999
-999 -999
-999 -999
-999 -999
-999 -999
-999 -999
-999 -999
-999 -999
-999 -999
-999 -999
-999 -999
-999 -999
-999 -999
-999 -999
-999 -999
-999 -999
-999 -999
-999 -999
-999 -999
-999 -999
-999 -999
-999 -999
-999 -999
-999 -999
-999 -999
-999 -999
-999 -999
-999 -999
-999 -999
-999 -999
-999 -999
-999 -999
-999 -999
-999 -999
-999 -999
-999 -999
-999 -999
-999 -999
-999 -999
-999 -999
-999 -999
-999 -999
-999 -999
-999 -999
-999 -999
-999 -999
-999 -999
-999 -999
-999 -999
-999 -999
-999 -999
-999 -999
-999 -999
-999 -999
-999 -999
-999 -999
-999 -999
-999 -999
-999 -999
-999 -999
-999 -999
-999 -999
-999 -999
-999 -999
-999 -999
-999 -999
-999 -999
-999 -999
-999 -999
-999 -999
-999 -999
-999 -999
-999 -999
-999 -999
