-999 -999 -999 -999 -999
-999 -999 -999 -999 -999
-999 -999 -999 -999 -999
-999 -999 -999 -999 -999
-999 -999 -999 -999 -999
-999 -999 -999 -999 -999
-999 -999 -999 -999 -999
-999 -999 -999 -999 -999
-999 -999 -999 -999 -999
-999 -999 -999 -999 -999
-999 -999 -999 -999 -999
-999 -999 -999 -999 -999
-999 -999 -999 -999 -999
-999 -999 -999 -999 -999
-999 -999 -999 -999 -999
-999 -999 -999 -999 -999
-999 -999 -999 -999 -999
-999 -999 -999 -999 -999
-999 -999 -999 -999 -999
-999 -999 -999 -999 -999
-999 -999 -999 -999 -999
-999 -999 -999 -999 -999
-999 -999 -999 -999 -999
0.0756342287329043 0.0439716926997904 0.111803069407459 0.0414914813509958 0.0446795635952682
0.0376839044851839 0.0319908658436868 0.156215142776003 0.0348289588148317 0.0497890270921896
0.037015401701622 0.0313859164695579 0.0762090057394368 0.0335231138220228 0.0422318351780698
0.0335077705989332 0.0667677207303217 0.031483938075328 0.0291131302200653 0.0324811891129536
0.0362986340368707 0.0309816997946615 0.0303493628011266 0.0357916968801144 0.0535267516615644
0.0368777464133333 0.0345255780244441 0.0316091036596441 0.11508655518204 0.0339837434495126
0.0339715482139185 0.0336365773127532 0.0525939411399234 0.0286965277687163 0.0411707793678851
0.035551576218484 0.18980630216592 0.0297188965362996 0.0305461603090514 0.0333169331267183
0.0356608983753781 0.0326488621845426 0.0310615178075195 0.037615378224028 0.0510033308436302
0.0386938116510384 0.0314990758053423 0.0292507568135622 0.0847324530304886 0.0364866283523214
0.0824228158722703 0.0342486248977027 0.0309156053830388 0.0399727328288131 0.0355863327086688
0.038009520548305 0.0345562680008508 0.0314143911673567 0.0394656326285205 0.0543312439885706
0.0367126508188528 0.0323976192712872 0.0327282758017231 0.0372615354168251 0.0505947107626595
0.0529741007486644 0.0377257194728201 0.0318582180448385 0.0361010606357431 0.0419103566495536
0.0383977753075891 0.0323882840686612 0.0506209237932433 0.0303899855953383 0.034606470575178
0.0340697667253965 0.0314663477723579 0.0278533913323648 0.0565114065441 0.0361866876948902
0.0341994227007554 0.0326884499914796 0.0312506164852938 0.0374463835031352 0.0559160797132447
0.0715410894597761 0.0337220987935127 0.0311939832552721 0.0454760615838535 0.0438647811215373
0.0424740639276539 0.0349076451952415 0.0298409780923121 0.0419862251472687 0.076003109053195
0.0342281719330205 0.0339655229685237 0.0309009363905807 0.0580650754302253 0.0361098432891859
0.0412013649846601 0.0337507079251754 0.0303014655656686 0.0375014956885102 0.0495668825730629
0.0563335412904275 0.0345457092942375 0.0317648172190105 0.0368340124326652 0.034119669131215
0.036540195254962 0.0664227113171294 0.0290616627129954 0.031562936962648 0.032534050958925
0.0620256684261571 0.0402698106292617 0.0804687160882808 0.038727301261275 0.0450856329041536
0.0375677023924325 0.0331474112927637 0.028882228940541 0.0385691349246108 0.0522583453411489
0.0363345472964979 0.102319824334798 0.030493802752227 0.0304378967985962 0.033614154677408
0.0356906462947454 0.0349077813260215 0.177075658468193 0.0348766284196207 0.0657573003750654
0.0394872366561313 0.039187962193975 0.0294976287261706 0.145944865760437 0.0363091519998779
0.036957960552588 0.196176148020184 0.0331191146120129 0.0310353185281437 0.0352544400096117
0.0472091737874131 0.0340890663641625 0.0479693399598809 0.0317397942945747 0.0342754206355483
0.0409256263839709 0.0356722468221764 0.0318147947204045 0.042108094861848 0.0497308090033537
0.0417660028331248 0.0349738759146258 0.0310829383947402 0.121190549080604 0.0597317736715416
0.0417187939529688 0.0355262155832101 0.0314366119543697 0.0465759867314202 0.0728992022350956
0.0345905958800568 0.0336412404380956 0.0811113403001807 0.033212959314972 0.0469784942702694
0.0394084906483534 0.0348442408063409 0.032258408107986 0.0396657934854319 0.0523686394925942
0.0524321253158909 0.0353259254784059 0.0333891331592154 0.0381452627412743 0.0444813547700454
0.0437083645702591 0.0370023724286046 0.0476988794234487 0.0343287009007588 0.0368175217397176
0.0611321741625298 0.0345018893582793 0.0296546661356253 0.0368315913807036 0.0354314123919235
0.0554695678970645 0.0348491425719679 0.0305418457769332 0.038234408444398 0.0398900054226795
0.0628960965679302 0.0331081891718508 0.0321746146439488 0.0354024104041613 0.0320971609426834
0.0416055805492201 0.0362625433495165 0.0332206957064644 0.0389657206307612 0.0501332753366597
0.0348761772928207 0.0315845479860218 0.0331189179306577 0.0376566836854272 0.0574424405102639
0.0598929431949894 0.0356800151603495 0.0331680512367315 0.0361524031136531 0.040537013853168
0.0573318290399855 0.0355928983877195 0.0313702331479632 0.0364707497450497 0.0406429755366832
0.0369726963048698 0.031336652381669 0.0604523798140245 0.0337277454922784 0.0382634748805073
-999 -999 -999 -999 -999
-999 -999 -999 -999 -999
-999 -999 -999 -999 -999
-999 -999 -999 -999 -999
-999 -999 -999 -999 -999
-999 -999 -999 -999 -999
-999 -999 -999 -999 -999
-999 -999 -999 -999 -999
-999 -999 -999 -999 -999
-999 -999 -999 -999 -999
-999 -999 -999 -999 -999
-999 -999 -999 -999 -999
-999 -999 -999 -999 -999
-999 -999 -999 -999 -999
-999 -999 -999 -999 -999
-999 -999 -999 -999 -999
-999 -999 -999 -999 -999
-999 -999 -999 -999 -999
-999 -999 -999 -999 -999
-999 -999 -999 -999 -999
-999 -999 -999 -999 -999
-999 -999 -999 -999 -999
-999 -999 -999 -999 -999
-999 -999 -999 -999 -999
