41
32
47
24
38
22
22
10
33
16
7
14
14
9
32
35
26
32
27
42
40
21
9
14
19
12
36
49
38
23
20
22
38
45
26
33
11
20
41
14
22
28
24
28
23
17
41
32
23
26
24
38
21
46
38
42
29
42
36
38
34
26
35
45
30
27
40
26
24
32
45
50
33
54
8
28
28
27
46
39
42
33
20
37
25
32
45
25
38
30
16
25
27
45
16
16
31
44
30
13
17
28
41
34
27
37
21
26
15
51
28
39
38
44
24
18
13
32
14
35
32
27
45
34
26
36
23
36
23
50
34
40
31
29
41
26
9
19
23
39
42
32
28
33
14
35
51
29
34
39
41
21
20
19
37
22
33
29
43
28
41
34
26
45
22
31
33
38
45
43
15
26
47
38
29
24
20
29
26
39
37
21
37
51
34
17
19
55
30
22
24
20
28
52
37
44
25
43
29
46
44
32
41
37
37
28
38
17
29
36
26
24
29
27
30
32
31
35
20
32
36
29
34
23
33
48
22
34
44
38
23
21
26
11
28
21
51
45
30
28
26
38
39
26
31
21
41
52
14
27
33
21
11
19
25
17
23
41
51
38
25
31
57
24
17
14
22
22
39
38
37
31
16
31
24
42
29
31
30
17
18
22
7
12
24
24
41
45
41
27
12
9
30
11
22
30
17
52
32
31
44
18
11
48
58
30
36
41
46
13
22
53
27
39
36
53
21
7
19
8
22
32
25
32
38
44
35
40
19
36
8
28
36
37
13
16
10
25
20
31
53
48
44
26
17
28
10
40
33
38
18
34
51
28
37
28
26
25
14
28
29
51
34
45
29
11
33
25
29
32
26
22
21
19
19
51
30
14
25
14
8
14
22
51
31
42
28
31
23
34
52
21
21
9
56
42
38
31
34
12
19
29
40
33
40
16
11
9
25
30
11
14
36
23
27
30
20
9
24
29
32
45
29
35
31
26
47
31
33
28
14
33
37
27
11
34
27
26
16
20
23
17
22
7
34
29
36
43
40
33
24
49
42
26
45
31
32
25
22
13
24
41
29
33
34
26
31
34
32
36
13
24
35
37
34
25
37
30
14
30
47
26
24
34
36
17
27
42
23
25
14
16
15
26
36
12
17
33
44
33
26
36
30
51
34
32
29
33
55
18
28
39
32
46
48
25
20
26
25
34
21
43
19
32
14
31
24
24
47
37
43
45
38
36
35
17
42
23
22
11
30
20
10
30
32
24
43
24
35
52
43
47
45
18
37
26
8
23
40
38
52
34
27
30
31
23
27
22
24
45
46
47
39
24
49
33
36
20
17
26
41
32
39
32
16
30
38
24
30
15
20
39
45
54
36
31
19
36
33
39
27
25
20
29
26
26
27
11
15
40
43
41
38
24
30
32
22
42
31
39
32
39
20
34
44
37
29
16
30
29
25
21
27
21
14
31
49
37
26
32
20
42
37
38
26
28
14
11
40
19
31
27
41
35
48
31
45
47
34
10
44
36
31
38
42
35
46
36
33
33
45
39
28
38
26
17
9
5
46
43
29
23
18
32
25
24
46
36
35
7
18
17
28
11
18
18
9
28
16
41
40
34
43
27
23
34
35
40
28
24
41
33
40
33
35
19
20
33
38
15
10
24
32
26
20
26
31
17
19
33
20
42
8
39
46
26
36
33
41
38
19
37
49
24
17
29
23
22
35
44
43
40
30
29
42
30
18
32
33
44
29
12
18
49
29
40
47
27
10
28
31
27
31
32
43
33
46
51
8
21
39
18
24
6
4
23
20
25
31
40
22
45
23
22
48
43
27
32
47
16
13
32
36
38
44
35
36
27
8
33
33
39
26
46
42
35
23
18
32
16
28
24
29
27
42
29
35
14
44
38
45
48
35
44
42
22
35
27
28
14
19
14
23
25
23
9
22
24
12
41
38
29
39
35
16
18
24
35
24
48
39
46
24
39
50
36
42
31
35
44
40
30
30
21
24
27
50
42
36
23
32
19
19
29
20
23
9
11
18
23
40
27
34
27
13
37
26
32
37
22
29
24
41
48
55
15
24
31
24
20
43
25
36
25
32
55
33
37
24
18
18
23
18
48
27
43
33
19
21
28
38
58
51
18
35
16
35
43
32
49
44
25
39
20
23
39
26
38
24
39
33
27
21
9
24
27
34
39
29
19
27
46
36
36
33
14
32
25
26
10
19
24
28
26
17
45
29
23
38
46
14
25
23
23
41
15
31
45
26
19
39
42
25
34
46
27
19
28
21
19
