-35.3667 -7.6 0.303538175046555 0.162011173184358 0.156424581005587 0.201117318435754 0.176908752327747
-35.3667 -7.6 0.303538175046555 0.162011173184358 0.156424581005587 0.201117318435754 0.176908752327747
-35.3667 -7.6 0.303538175046555 0.162011173184358 0.156424581005587 0.201117318435754 0.176908752327747
-35.3667 -7.6 0.303538175046555 0.162011173184358 0.156424581005587 0.201117318435754 0.176908752327747
-35.3667 -7.6 0.303538175046555 0.162011173184358 0.156424581005587 0.201117318435754 0.176908752327747
-35.3667 -7.6 0.303538175046555 0.162011173184358 0.156424581005587 0.201117318435754 0.176908752327747
-36.0167 -8.3667 0.156424581005587 0.147113594040968 0.342644320297952 0.165735567970205 0.188081936685289
-36.0167 -8.3667 0.156424581005587 0.147113594040968 0.342644320297952 0.165735567970205 0.188081936685289
-36.0167 -8.3667 0.156424581005587 0.147113594040968 0.342644320297952 0.165735567970205 0.188081936685289
-36.0167 -8.3667 0.156424581005587 0.147113594040968 0.342644320297952 0.165735567970205 0.188081936685289
-36.0167 -8.3667 0.156424581005587 0.147113594040968 0.342644320297952 0.165735567970205 0.188081936685289
-36.0167 -8.3667 0.156424581005587 0.147113594040968 0.342644320297952 0.165735567970205 0.188081936685289
-36.0167 -8.3667 0.156424581005587 0.147113594040968 0.342644320297952 0.165735567970205 0.188081936685289
-36.0167 -8.3667 0.156424581005587 0.147113594040968 0.342644320297952 0.165735567970205 0.188081936685289
-36.0167 -8.3667 0.156424581005587 0.147113594040968 0.342644320297952 0.165735567970205 0.188081936685289
-36.4 -8.2 0.221601489757914 0.171322160148976 0.242085661080074 0.167597765363128 0.197392923649907
-36.4 -8.2 0.221601489757914 0.171322160148976 0.242085661080074 0.167597765363128 0.197392923649907
-36.4 -8.2 0.221601489757914 0.171322160148976 0.242085661080074 0.167597765363128 0.197392923649907
-36.4 -8.2 0.221601489757914 0.171322160148976 0.242085661080074 0.167597765363128 0.197392923649907
-36.4 -8.2 0.221601489757914 0.171322160148976 0.242085661080074 0.167597765363128 0.197392923649907
-35.8333 -8.7167 0.188081936685289 0.139664804469274 0.195530726256983 0.230912476722533 0.245810055865922
-35.8333 -8.7167 0.188081936685289 0.139664804469274 0.195530726256983 0.230912476722533 0.245810055865922
-35.8333 -8.7167 0.188081936685289 0.139664804469274 0.195530726256983 0.230912476722533 0.245810055865922
-35.8333 -8.7167 0.188081936685289 0.139664804469274 0.195530726256983 0.230912476722533 0.245810055865922
-35.8333 -8.7167 0.188081936685289 0.139664804469274 0.195530726256983 0.230912476722533 0.245810055865922
-35.8333 -8.7167 0.188081936685289 0.139664804469274 0.195530726256983 0.230912476722533 0.245810055865922
-35.8333 -8.7167 0.188081936685289 0.139664804469274 0.195530726256983 0.230912476722533 0.245810055865922
-35.8333 -8.7167 0.188081936685289 0.139664804469274 0.195530726256983 0.230912476722533 0.245810055865922
-38.7167 -3.8833 0.139664804469274 0.364990689013035 0.162011173184358 0.150837988826816 0.182495344506518
-38.7167 -3.8833 0.139664804469274 0.364990689013035 0.162011173184358 0.150837988826816 0.182495344506518
-38.7167 -3.8833 0.139664804469274 0.364990689013035 0.162011173184358 0.150837988826816 0.182495344506518
-38.7167 -3.8833 0.139664804469274 0.364990689013035 0.162011173184358 0.150837988826816 0.182495344506518
-38.7167 -3.8833 0.139664804469274 0.364990689013035 0.162011173184358 0.150837988826816 0.182495344506518
-38.7167 -3.8833 0.139664804469274 0.364990689013035 0.162011173184358 0.150837988826816 0.182495344506518
-38.7167 -3.8833 0.139664804469274 0.364990689013035 0.162011173184358 0.150837988826816 0.182495344506518
-35.1833 -8.0167 0.141527001862197 0.176908752327747 0.141527001862197 0.381750465549348 0.15828677839851
-35.1833 -8.0167 0.141527001862197 0.176908752327747 0.141527001862197 0.381750465549348 0.15828677839851
-35.1833 -8.0167 0.141527001862197 0.176908752327747 0.141527001862197 0.381750465549348 0.15828677839851
-35.1833 -8.0167 0.141527001862197 0.176908752327747 0.141527001862197 0.381750465549348 0.15828677839851
-35.1833 -8.0167 0.141527001862197 0.176908752327747 0.141527001862197 0.381750465549348 0.15828677839851
-35.1833 -8.0167 0.141527001862197 0.176908752327747 0.141527001862197 0.381750465549348 0.15828677839851
-35.1833 -8.0167 0.141527001862197 0.176908752327747 0.141527001862197 0.381750465549348 0.15828677839851
