-1 52 2 9 14 5 11 5 11 3 1 1 11 24 2 1 15 49 17 67 -1 27 10 1 55 15 70 65 39 10 7 9 3 12 8 19 -1 18 30 2 6 12 9 29 108 
AA925-1 3 0 1 1 3 3 1 1 3 2 2 3 2 0 0 3 3 3 3 3 3 0 1 3 3 3 3 2 0 3 2 2 0 2 1 3 3 3 3 0 1 1 3 0 0 
AA925-2 3 3 0 1 2 3 1 1 3 2 2 3 2 0 0 3 3 3 3 3 3 0 1 3 3 3 3 2 0 3 2 2 0 2 1 3 3 3 3 0 1 1 3 0 0 
AA936-1 3 0 1 1 3 3 1 1 3 2 2 3 2 0 0 3 3 3 3 3 3 0 2 3 3 3 3 2 0 3 2 2 3 2 2 3 3 3 3 3 2 2 3 0 0 
AA936-2 3 3 1 1 2 3 1 1 0 2 2 3 1 0 0 3 3 3 3 3 3 0 2 3 3 3 3 2 0 3 2 2 3 2 2 3 3 3 3 3 2 2 3 0 0 
AA946-1 3 3 1 1 2 3 1 1 3 2 2 3 2 0 0 3 3 3 3 3 3 0 2 3 3 3 3 0 0 3 1 2 0 2 2 3 3 3 3 0 1 2 3 0 0 
AA946-2 3 3 1 1 3 3 1 1 3 2 2 3 2 0 0 3 3 3 3 3 3 0 2 3 3 3 3 0 0 3 1 2 0 2 2 3 3 3 3 0 1 2 3 0 0 
AA947-1 3 0 1 1 3 3 1 1 3 2 2 3 2 0 0 3 3 3 3 3 3 0 2 3 3 3 3 2 0 3 2 2 0 2 2 3 3 3 3 0 1 1 3 0 0 
AA947-2 3 3 1 1 2 3 1 1 3 2 2 3 2 0 0 3 3 3 3 3 3 0 2 3 3 3 3 2 0 3 2 2 0 2 2 3 3 3 3 0 1 1 3 0 0 
AA948-1 3 0 1 1 3 3 1 1 3 2 2 3 2 0 0 3 3 3 3 3 3 0 2 3 3 3 3 2 0 3 2 2 0 2 1 3 3 3 3 0 1 2 3 0 0 
AA948-2 3 3 1 1 2 3 1 1 3 2 2 3 2 0 0 3 3 3 3 3 3 0 2 3 3 3 3 2 0 3 2 2 0 2 1 3 3 3 3 0 1 2 3 0 0 
AA949-1 3 3 0 1 2 3 1 1 3 2 2 3 2 0 0 3 3 3 3 3 3 0 2 3 3 3 3 2 0 3 2 2 0 2 1 3 3 3 3 0 1 1 3 0 0 
AA949-2 3 3 1 1 2 3 1 1 3 2 2 3 2 0 0 3 3 3 3 3 3 0 2 3 3 3 3 2 0 3 2 2 0 0 1 3 3 3 3 0 1 2 3 0 0 
BC726-1 3 3 1 1 2 3 1 1 3 2 2 3 2 0 0 3 3 3 3 3 3 0 2 3 3 3 3 2 0 3 2 2 0 2 1 3 3 3 3 0 1 1 0 0 0 
BC726-2 3 3 1 1 2 3 1 1 3 2 2 3 2 0 0 3 3 3 3 3 3 0 2 3 3 3 3 2 1 1 2 2 0 2 2 3 3 3 3 3 2 2 3 0 0 
BC727-1 3 3 1 1 2 3 1 1 3 2 2 3 2 0 0 3 3 3 3 3 3 0 2 3 3 3 3 2 1 1 2 2 0 2 2 3 3 3 3 0 1 1 3 0 0 
BC727-2 3 3 1 1 2 3 1 1 3 2 2 3 2 0 0 3 3 3 3 3 3 0 2 3 3 3 3 2 1 1 2 2 0 2 2 3 3 0 3 0 1 1 0 0 0 
BC728-1 3 0 1 1 2 3 1 1 3 2 2 3 2 0 0 3 3 3 3 3 3 0 2 3 3 3 3 2 0 3 2 2 0 2 1 3 3 3 3 0 1 1 0 0 0 
BC728-2 3 3 1 1 2 3 1 1 3 2 2 3 2 0 0 3 3 3 3 3 3 0 2 3 3 3 3 2 1 1 2 2 0 2 1 3 3 3 3 0 1 1 0 0 0 
BC729-1 3 0 1 1 2 3 1 1 3 2 0 3 2 0 0 3 3 3 0 3 3 0 1 3 3 3 3 2 1 1 2 2 3 2 2 3 3 3 3 0 1 1 3 0 0 
BC729-2 3 3 1 1 2 3 1 1 3 2 2 3 2 0 0 3 3 3 3 3 3 0 1 3 3 3 3 2 1 1 2 2 3 2 2 3 3 3 3 0 1 1 3 0 0 
BC730-1 3 0 1 1 2 3 1 1 3 2 0 3 2 0 0 3 3 3 3 3 3 0 1 3 3 3 3 2 0 3 2 2 0 2 1 3 3 3 3 0 1 1 3 0 0 
BC730-2 3 3 1 3 3 3 1 1 3 2 2 3 2 0 0 3 3 3 3 3 3 0 2 3 3 3 3 2 1 1 2 2 0 2 2 3 3 3 3 0 2 2 3 0 0 
BC763-1 3 0 1 1 2 3 1 1 3 2 2 3 2 0 0 3 3 3 3 3 3 0 2 3 3 3 3 2 0 3 2 2 0 2 1 3 3 3 3 0 1 1 3 0 0 
BC763-2 3 3 1 1 2 3 1 1 3 2 2 3 2 0 0 3 3 3 3 3 3 0 2 3 3 3 3 2 0 3 2 2 0 2 1 3 3 3 3 0 2 2 3 0 0 
BC765-1 3 0 1 1 2 3 1 1 3 2 0 3 2 0 0 3 3 3 3 3 3 0 1 3 3 3 3 2 1 1 2 2 3 2 2 3 3 3 3 0 1 1 3 0 0 
BC765-2 3 0 1 1 2 3 1 1 3 2 0 3 2 0 0 3 3 3 0 3 3 0 2 3 3 3 3 2 1 1 2 2 0 2 1 3 3 3 3 0 1 1 3 0 0 
BC766-1 3 0 1 1 2 3 1 1 3 2 2 3 2 0 0 3 3 3 3 3 3 0 2 3 3 3 3 2 0 3 2 2 0 2 1 3 3 3 3 0 1 1 3 0 0 
BC766-2 3 0 1 1 2 3 1 1 3 2 2 3 2 0 0 3 3 3 3 3 3 0 2 3 3 3 3 2 0 3 2 2 0 2 1 3 3 3 3 0 1 1 3 0 0 
BC770-1 3 0 1 1 2 3 1 1 3 2 0 3 2 0 0 3 3 3 3 3 3 0 2 3 3 3 3 2 0 3 2 2 0 2 1 3 3 3 3 0 1 1 3 0 0 
BC770-2 3 3 0 1 3 3 1 1 3 2 2 3 2 0 0 3 3 3 3 3 3 3 2 0 3 3 3 2 1 1 2 2 0 2 2 3 3 3 3 0 1 1 3 0 0 
BMD376-1 3 0 1 1 3 3 2 0 3 0 2 0 1 0 0 3 3 3 3 3 3 0 2 3 3 3 3 2 1 3 2 2 0 2 2 3 3 3 3 0 1 1 3 0 0 
BMD376-2 3 0 1 1 3 3 2 0 3 0 2 0 1 0 0 3 3 3 3 3 3 0 2 3 3 3 3 2 1 3 2 2 0 2 2 3 3 3 3 0 1 1 3 0 0 
BMD377-1 3 0 1 1 2 3 1 2 3 2 1 3 2 0 0 3 3 3 3 3 3 0 1 3 3 3 3 2 1 1 2 2 3 2 2 3 3 3 3 0 1 1 3 0 0 
BMD377-2 3 0 1 1 3 3 1 1 3 2 2 3 2 0 0 3 3 3 3 3 3 0 2 3 3 3 3 2 0 3 2 2 0 2 1 3 3 3 3 0 1 1 3 0 0 
BMD826-1 3 0 1 1 2 3 1 1 3 2 2 3 2 0 0 3 3 3 3 3 3 0 2 -9 3 3 3 2 0 3 2 2 0 2 2 3 3 3 3 0 1 1 3 0 0 
BMD826-2 3 0 1 1 2 3 1 1 3 2 2 3 2 0 0 3 3 3 3 3 3 0 2 -9 3 3 3 2 0 3 2 2 0 2 1 3 3 3 3 0 1 1 3 0 0 
BMD830-1 3 0 1 1 3 3 2 0 3 0 2 0 1 0 0 3 3 3 3 3 3 0 2 3 3 3 3 2 0 3 2 2 0 2 1 3 3 3 3 0 1 1 3 0 0 
BMD830-2 3 3 1 1 2 3 1 1 3 2 2 3 2 0 0 3 3 3 3 3 3 0 2 3 3 3 3 2 1 3 2 2 0 2 2 3 3 3 3 3 2 2 3 0 0 
BMD840-1 3 0 1 1 3 3 2 0 3 0 2 0 1 0 0 3 3 3 3 3 3 0 2 3 3 3 3 2 1 3 2 2 0 2 2 3 3 3 3 0 1 1 3 0 0 
BMD840-2 3 3 1 1 2 3 2 0 3 2 2 3 2 0 0 3 3 3 3 3 3 0 2 3 3 3 3 2 1 3 2 2 0 2 2 3 3 3 3 0 1 1 3 0 0 
FC1015-1 3 0 1 1 2 1 1 1 3 2 2 3 2 0 0 3 3 3 3 3 3 0 2 3 3 3 3 2 0 3 2 2 0 2 1 3 3 3 3 0 1 1 3 0 0 
FC1015-2 3 3 1 1 3 3 2 1 3 2 2 3 2 0 0 3 3 3 3 3 3 0 2 3 3 3 3 2 0 3 2 2 0 2 1 3 3 3 3 0 1 1 3 0 0 
FC1020-1 3 3 1 1 2 3 1 1 3 2 2 3 2 0 0 3 3 3 3 3 3 0 2 3 3 3 3 2 0 3 2 2 0 2 1 3 3 3 3 0 1 1 3 0 0 
FC1020-2 3 3 1 1 3 3 1 1 3 2 2 3 2 0 0 3 3 3 3 3 3 0 2 3 3 3 0 2 0 3 2 2 0 2 1 3 3 3 3 0 1 2 3 0 0 
FC1037-1 3 3 1 1 2 3 1 1 3 2 2 3 2 0 0 3 3 3 3 3 3 0 2 3 3 3 3 3 0 3 2 2 0 2 1 3 3 3 3 0 1 2 3 0 0 
FC1037-2 3 3 1 1 3 3 2 1 3 2 2 3 2 1 2 0 3 3 3 3 3 0 2 3 3 3 3 3 0 3 2 2 0 2 1 3 3 3 3 0 1 2 3 0 0 
FC1038-1 3 3 1 1 2 3 1 1 3 2 2 3 2 0 0 3 3 3 3 3 3 0 2 3 3 3 3 2 0 3 2 2 0 2 1 3 3 3 3 0 1 1 3 0 0 
FC1038-2 3 3 1 1 2 3 1 1 3 2 2 3 2 0 0 3 0 3 3 3 3 0 2 3 3 3 0 3 0 3 2 2 0 2 2 3 3 3 3 0 1 1 3 0 0 
FC1058-1 3 3 0 1 1 3 1 1 3 2 2 3 2 0 0 3 3 3 0 3 3 0 2 3 3 3 3 2 0 3 2 2 0 2 1 3 3 3 3 0 1 2 3 0 0 
FC1058-2 3 3 1 1 3 3 2 1 3 2 2 3 2 0 0 3 3 3 3 3 3 0 2 3 3 3 3 2 0 3 2 2 0 2 1 3 3 3 3 0 1 2 3 0 0 
FC1059-1 3 3 1 1 2 3 1 1 3 2 2 3 2 0 0 3 0 3 3 3 3 0 2 3 3 3 3 2 0 3 2 2 0 2 2 3 3 3 3 0 1 1 3 0 0 
FC1059-2 3 3 1 1 3 3 1 1 3 2 2 3 2 0 0 3 3 0 3 3 3 0 2 3 3 3 0 3 0 3 2 2 0 2 2 3 3 3 0 0 1 1 3 0 0 
FC1065-1 3 0 1 1 2 1 1 1 3 2 2 3 2 0 0 3 3 3 3 3 3 0 2 3 3 3 3 2 0 3 2 2 0 2 1 3 3 3 3 0 1 1 3 0 0 
FC1065-2 3 0 1 1 2 1 1 1 3 2 2 3 2 0 0 3 3 3 3 3 3 0 2 3 3 3 3 2 0 3 2 2 0 2 1 3 3 3 3 0 1 1 3 0 0 
FC481-1 3 3 1 1 2 3 1 1 3 2 2 3 2 0 0 3 3 3 3 3 3 0 2 3 3 0 3 2 0 3 2 2 0 2 1 3 3 3 3 0 1 1 3 0 0 
FC481-2 3 3 1 1 3 3 2 1 3 2 2 3 2 0 0 3 3 3 3 3 3 0 2 3 3 0 3 2 0 3 2 2 0 2 1 3 3 3 3 0 1 1 3 0 0 
SM1553-1 3 0 1 1 3 3 1 1 3 2 2 3 2 0 0 3 3 3 3 3 3 0 2 3 3 3 3 2 0 3 2 2 0 2 2 3 3 3 3 0 1 2 3 0 0 
SM1553-2 3 0 1 1 3 3 1 1 3 2 2 3 2 0 0 3 3 3 3 3 3 0 2 3 3 3 3 2 0 3 2 2 0 2 2 3 3 3 3 0 1 2 3 0 0 
SM1577-1 3 0 1 1 3 3 1 1 3 2 2 3 2 0 0 3 3 3 3 3 3 0 2 3 3 3 3 2 0 3 2 2 0 2 2 3 3 3 3 0 1 2 3 0 0 
SM1577-2 3 0 1 1 3 3 1 1 3 2 2 3 2 0 0 3 3 3 3 3 3 0 2 3 3 3 3 2 0 3 2 2 0 2 2 3 3 3 3 0 1 2 3 0 0 
SM1578-1 3 0 1 1 3 3 1 1 3 2 2 3 2 0 0 3 3 3 3 3 3 0 2 3 3 3 3 2 0 3 2 2 0 2 2 3 3 3 3 0 1 2 3 0 0 
SM1578-2 3 0 1 1 3 3 1 1 3 2 2 3 2 0 0 3 3 3 3 3 3 0 2 3 3 3 3 2 0 3 2 2 0 2 2 3 3 3 3 0 1 2 3 0 0 
SM1580-1 3 0 1 1 3 3 1 1 3 2 2 3 2 0 0 3 3 3 3 3 3 0 2 3 3 3 3 2 0 3 2 2 0 2 2 3 3 3 3 0 1 2 3 0 0 
SM1580-2 3 0 1 1 3 3 1 1 3 2 2 3 2 0 0 3 3 3 3 3 3 0 2 3 3 3 3 2 0 3 2 2 0 2 2 3 3 3 3 0 1 2 3 0 0 
SM1581-1 3 0 1 1 3 3 1 1 3 2 2 3 2 0 0 3 3 3 3 3 3 0 2 3 3 3 3 2 0 3 2 2 0 2 2 3 3 3 3 0 1 2 3 0 0 
SM1581-2 3 0 1 1 3 3 1 1 3 2 2 3 2 0 0 3 3 3 3 3 3 0 2 3 3 3 3 2 0 3 2 2 0 2 2 3 3 3 3 0 1 2 3 0 0 
SM1582-1 3 0 1 1 3 3 1 1 3 2 2 3 2 0 0 3 3 3 3 3 3 0 2 3 3 3 3 2 0 3 2 2 0 2 2 3 3 3 3 0 1 2 3 0 0 
SM1582-2 3 0 1 1 3 3 1 1 3 2 2 3 2 0 0 3 3 3 3 3 3 0 2 3 3 3 3 2 0 3 2 2 0 2 2 3 3 3 3 0 1 2 3 0 0 
SM1587-1 3 0 1 1 3 3 1 1 3 2 2 3 2 0 0 3 3 3 3 3 3 0 2 3 3 3 3 2 0 3 2 2 0 2 2 3 3 3 3 0 1 2 3 0 0 
SM1587-2 3 0 1 1 3 3 1 1 3 2 2 3 2 0 0 3 3 3 3 3 3 0 2 3 3 3 3 2 0 3 2 2 0 2 2 3 3 3 3 0 1 2 3 0 0 
TAP1474-1 3 3 0 1 3 3 1 1 3 2 2 3 2 0 0 3 3 3 3 3 3 0 2 3 3 3 3 2 0 3 2 1 0 2 -9 3 3 3 3 0 1 1 3 0 0 
TAP1474-2 3 3 1 1 2 3 1 1 3 2 2 3 2 0 0 3 3 3 3 3 3 0 2 3 3 3 3 2 0 3 2 1 0 2 -9 3 3 3 3 0 1 1 3 0 0 
TAP1475-1 3 3 1 1 2 3 1 1 3 2 2 3 2 0 0 3 3 3 3 3 3 0 2 3 3 3 3 2 0 3 2 2 0 2 1 3 3 3 3 0 1 1 3 0 0 
TAP1475-2 3 3 1 1 2 3 1 1 3 2 2 3 2 0 0 3 3 3 3 3 3 0 2 3 3 3 3 2 0 3 2 2 3 2 1 3 3 3 3 0 1 2 3 0 0 
TAP1476-1 3 0 1 1 2 3 1 1 3 2 2 3 2 0 0 3 3 3 3 3 3 0 2 3 3 3 3 2 0 3 2 2 0 2 1 3 3 3 3 0 1 1 3 0 0 
TAP1476-2 3 3 1 1 2 3 1 1 3 2 2 3 2 0 0 3 0 3 3 3 3 0 2 3 3 3 3 2 0 3 2 2 3 2 1 3 3 3 3 0 1 1 3 1 0 
TAP1477-1 3 0 1 1 3 3 1 1 3 2 2 3 2 0 0 3 3 3 3 3 3 0 2 3 3 3 3 2 0 3 2 2 3 2 1 3 3 3 3 0 1 1 3 1 0 
TAP1477-2 3 3 1 1 2 3 1 1 3 2 2 3 2 0 0 3 0 3 3 3 3 0 2 3 3 3 3 2 0 3 2 2 3 2 1 3 3 3 3 0 1 1 3 1 0 
TAP1479-1 3 3 1 1 2 3 1 1 3 2 2 3 2 0 0 3 3 3 3 3 3 0 2 3 3 3 3 2 0 3 2 2 0 2 1 3 3 3 3 0 1 1 3 0 0 
TAP1479-2 3 3 1 1 3 3 1 1 3 2 2 3 2 0 0 3 3 0 3 3 3 0 2 3 0 3 3 2 0 3 2 2 0 2 1 3 3 3 3 0 1 1 3 0 0 
TAP1480-1 3 0 1 1 2 3 1 1 3 2 2 3 2 0 0 3 3 3 3 3 3 0 2 3 3 3 3 2 0 3 2 2 0 2 1 3 3 3 3 0 1 1 3 0 0 
TAP1480-2 3 3 1 1 2 3 1 1 3 2 2 3 2 0 0 3 0 3 3 3 3 0 2 3 3 3 3 2 0 3 2 2 3 2 1 3 3 3 3 0 1 1 3 1 0 
TAP1483-1 3 3 1 1 3 3 1 1 3 2 2 3 2 0 0 3 3 3 3 3 3 0 2 3 3 3 3 2 0 3 2 2 0 2 1 3 3 3 3 0 1 1 3 0 0 
TAP1483-2 3 3 1 1 3 3 1 1 3 2 2 3 2 0 0 3 3 3 3 3 3 0 2 3 3 3 3 2 0 3 2 2 0 2 1 3 3 3 3 0 1 1 3 0 0 
