-35.3694581614489 -7.60273941182299
-35.3711575435226 -7.60034430916887
-35.3667558172516 -7.60139312110376
-35.3689534114658 -7.60297528347
-35.3629038097577 -7.59724552607629
-35.3713295343293 -7.60322706620907
-36.0202145414528 -8.36201285938108
-36.0146189186264 -8.36356494593509
-36.0181012455475 -8.37042397382976
-36.0139236082656 -8.37072675522724
-36.0157215005516 -8.36951682455679
-36.0138484537492 -8.3684306618439
-36.0167376286544 -8.36395416955538
-36.016827049752 -8.36437467110883
-36.0129897474598 -8.36851552287191
-36.3985079625924 -8.20151617881609
-36.3996410084935 -8.20490718555404
-36.4046783713158 -8.19961489493493
-36.3973976080376 -8.20286723760888
-36.3973084532469 -8.19846440416295
-35.8284380670769 -8.71949025489464
-35.8321410998927 -8.71319557047989
-35.8377708306878 -8.71744955569813
-35.8291595060045 -8.71540324241929
-35.8335449916699 -8.71928527919184
-35.8342972292557 -8.71481791815097
-35.8298815529507 -8.71319156615836
-35.8378356272859 -8.71977298267493
-38.7164724988428 -3.88592626585783
-38.714927857654 -3.87913524650661
-38.7128598451599 -3.88203733482556
-38.7143172677451 -3.88346311269254
-38.7125652216103 -3.88433702823166
-38.7211103984907 -3.88475471252734
-38.7190737217998 -3.88766505400343
-35.1808029485649 -8.02002860443741
-35.1856886530474 -8.01356458302895
-35.1829140186954 -8.01290525107952
-35.1790920437073 -8.02122733029379
-35.1799521560424 -8.01902503375737
-35.185388599226 -8.01482115907669
-35.1805446631827 -8.0198491086469
-999 -999
-999 -999
-999 -999
-999 -999
-999 -999
-999 -999
-999 -999
-999 -999
-999 -999
-999 -999
-999 -999
-999 -999
-999 -999
-999 -999
-999 -999
-999 -999
-999 -999
-999 -999
-999 -999
-999 -999
-999 -999
-999 -999
-999 -999
-999 -999
-999 -999
-999 -999
-999 -999
-999 -999
-999 -999
-999 -999
-999 -999
-999 -999
-999 -999
-999 -999
-999 -999
-999 -999
-999 -999
-999 -999
-999 -999
-999 -999
-999 -999
-999 -999
-999 -999
-999 -999
-999 -999
-999 -999
-999 -999
-999 -999
-999 -999
-999 -999
-999 -999
-999 -999
-999 -999
-999 -999
-999 -999
-999 -999
-999 -999
-999 -999
-999 -999
-999 -999
-999 -999
-999 -999
-999 -999
-999 -999
-999 -999
-999 -999
-999 -999
-999 -999
-999 -999
-999 -999
-999 -999
-999 -999
-999 -999
-999 -999
-999 -999
-999 -999
-999 -999
-999 -999
-999 -999
-999 -999
-999 -999
-999 -999
-999 -999
-999 -999
