-999 -999 -999 -999 -999
-999 -999 -999 -999 -999
-999 -999 -999 -999 -999
-999 -999 -999 -999 -999
-999 -999 -999 -999 -999
-999 -999 -999 -999 -999
-999 -999 -999 -999 -999
-999 -999 -999 -999 -999
-999 -999 -999 -999 -999
-999 -999 -999 -999 -999
-999 -999 -999 -999 -999
-999 -999 -999 -999 -999
-999 -999 -999 -999 -999
-999 -999 -999 -999 -999
-999 -999 -999 -999 -999
-999 -999 -999 -999 -999
-999 -999 -999 -999 -999
-999 -999 -999 -999 -999
-999 -999 -999 -999 -999
-999 -999 -999 -999 -999
-999 -999 -999 -999 -999
-999 -999 -999 -999 -999
-999 -999 -999 -999 -999
0.0590900736082477 0.0632427158562411 0.06024713171942 0.0628257290850155 0.0718355315819745
0.0587817240821033 0.0666208276136449 0.0662152473816802 0.058608147659572 0.053039932292971
0.0439433562748764 0.0482842273763944 0.0463417112420393 0.0434336963952154 0.0389069709362098
0.0413759166626663 0.0349790394153945 0.037432278044172 0.0412015224812965 0.0413792218040749
0.037967192338031 0.0366749731031163 0.0384085120692438 0.0394948115927872 0.0380831119199115
0.0506409136039904 0.050877220497922 0.050437858864763 0.0515097192723011 0.048659671965174
0.0368340449202356 0.0407071442265533 0.0384210127952951 0.0387565090297277 0.0354069550166218
0.0628629819112657 0.0605930723636012 0.0655542064883446 0.0682381088321543 0.0626776225402549
0.0379756776125345 0.0383124446509655 0.0376931958955096 0.0387343436392939 0.0392500581587115
0.0454932739506629 0.0440596309114496 0.0426928127611491 0.0434763332019366 0.0410271168534686
0.0464788862785169 0.0412857035801703 0.0457559370399582 0.0454088592881862 0.0451893005961875
0.0363036404151103 0.0379284741199101 0.0377580923876816 0.0384164932628918 0.0388984271293811
0.0399521300020998 0.0382033388925283 0.0385764700818861 0.0374773165549034 0.037142267088575
0.0392019269535073 0.0373313989061468 0.0370806162899795 0.0394394174875258 0.0413340850206695
0.037607539504264 0.0388563806199678 0.0388234413094138 0.036741157589948 0.0378086104387304
0.0396140829683939 0.0380291695748891 0.0378421057547291 0.037459622597953 0.0390186965877905
0.0384011831416242 0.0390925482161093 0.0350291233795366 0.0381175546859027 0.0394039434844143
0.0474623994321368 0.0420155348388219 0.0455084050598902 0.044783282782643 0.0436307230966776
0.0453752532195107 0.0458909870184738 0.0470741002157583 0.042933076231973 0.045409642031363
0.0375715478085804 0.0394275529266855 0.0362010821445761 0.0375039187388124 0.0411605455465752
0.0404185288911018 0.0396509343015693 0.0393716545635859 0.0385980949223607 0.0379149443248154
0.0395363614164246 0.0398891135206937 0.0379898251955387 0.0377579684888044 0.0421031341556747
0.0371113650041155 0.0380475674687513 0.0395451793158495 0.0390843161787955 0.0407194874297731
0.0487302829958722 0.0552890582653815 0.04968267284625 0.051595387660446 0.0599926442249494
0.0389185199705957 0.0393213942643947 0.0380424732552118 0.0394718001940219 0.0390052203180736
0.0474501352441193 0.0438370079750828 0.0435116082506166 0.0490670636086645 0.0471417766257017
0.0674430315411645 0.0747008480428021 0.0765211524025951 0.0655031197810328 0.0617642086196715
0.0574783647741996 0.0590087074352069 0.054681391144234 0.0571766140308617 0.0536235676767623
0.0666894671541673 0.0623778573087427 0.0712009645623714 0.0714321758188884 0.0647889454095651
0.0387314364245798 0.0393768366806711 0.0400076018813132 0.0383458864262843 0.0430830679799551
0.0430876422191795 0.0395057841435055 0.040951194933159 0.0400277052273692 0.0359517358914745
0.0591560249260756 0.0551895364344967 0.056484150384803 0.0584290665678902 0.0560014787107461
0.0474686352003595 0.0438218512754666 0.0475870828438193 0.04398126364546 0.0460377206783145
0.0455837659863359 0.0491834342160129 0.0443917270350735 0.0454049105218296 0.0445472182415655
0.0399483720141082 0.0415332965972708 0.040175245512531 0.0376295823663704 0.0389568374260639
0.0421927954985133 0.0375672826237967 0.0390586704519749 0.0409126391214639 0.0406913282953817
0.0401337816634617 0.0390044931243033 0.0402722309721616 0.0399457712177489 0.0398048883182495
0.0368682006966549 0.038106282236251 0.0392452030638169 0.042052090939569 0.0396863110052209
0.0411749937793572 0.0390180429403121 0.0410032939837437 0.0420915235770253 0.0404763339901767
0.0407333110914846 0.0385868270051035 0.041270376463938 0.0398806211348962 0.04151449878743
0.0381505763011647 0.0434161465982491 0.0393099536623438 0.036998651851056 0.0399591999829742
0.039388657299235 0.0430175498959552 0.0396218455942442 0.0385599145724373 0.0420324398337567
0.0408221225728983 0.0372673500728764 0.0385172443042027 0.0414126182889298 0.042356991792278
0.0398195735357008 0.0416658251464717 0.0375542501851378 0.0410087999614029 0.0409859862274459
0.0400303091107718 0.0392045877176468 0.0409096662664589 0.039072793486352 0.0415975999642432
-999 -999 -999 -999 -999
-999 -999 -999 -999 -999
-999 -999 -999 -999 -999
-999 -999 -999 -999 -999
-999 -999 -999 -999 -999
-999 -999 -999 -999 -999
-999 -999 -999 -999 -999
-999 -999 -999 -999 -999
-999 -999 -999 -999 -999
-999 -999 -999 -999 -999
-999 -999 -999 -999 -999
-999 -999 -999 -999 -999
-999 -999 -999 -999 -999
-999 -999 -999 -999 -999
-999 -999 -999 -999 -999
-999 -999 -999 -999 -999
-999 -999 -999 -999 -999
-999 -999 -999 -999 -999
-999 -999 -999 -999 -999
-999 -999 -999 -999 -999
-999 -999 -999 -999 -999
-999 -999 -999 -999 -999
-999 -999 -999 -999 -999
-999 -999 -999 -999 -999
