-35.3667 -7.6 1
-35.3667 -7.6 1
-35.3667 -7.6 1
-35.3667 -7.6 1
-35.3667 -7.6 1
-35.3667 -7.6 1
-36.0167 -8.3667 2
-36.0167 -8.3667 2
-36.0167 -8.3667 2
-36.0167 -8.3667 2
-36.0167 -8.3667 2
-36.0167 -8.3667 2
-36.0167 -8.3667 2
-36.0167 -8.3667 2
-36.0167 -8.3667 2
-36.4 -8.2 5
-36.4 -8.2 5
-36.4 -8.2 5
-36.4 -8.2 5
-36.4 -8.2 5
-35.8333 -8.7167 2
-35.8333 -8.7167 2
-35.8333 -8.7167 2
-35.8333 -8.7167 2
-35.8333 -8.7167 2
-35.8333 -8.7167 2
-35.8333 -8.7167 2
-35.8333 -8.7167 2
-38.7167 -3.8833 4
-38.7167 -3.8833 4
-38.7167 -3.8833 4
-38.7167 -3.8833 4
-38.7167 -3.8833 4
-38.7167 -3.8833 4
-38.7167 -3.8833 4
-35.1833 -8.0167 1
-35.1833 -8.0167 1
-35.1833 -8.0167 1
-35.1833 -8.0167 1
-35.1833 -8.0167 1
-35.1833 -8.0167 1
-35.1833 -8.0167 1
