30
47
27
22
8
20
39
30
23
27
30
29
38
36
38
22
25
11
21
42
45
42
28
67
31
28
37
35
36
31
22
42
40
45
37
32
27
40
29
39
29
34
40
42
28
22
38
41
17
31
46
42
49
31
26
38
26
30
46
35
37
16
28
34
34
21
25
32
29
29
29
10
20
27
25
28
40
26
29
47
32
36
29
50
35
40
35
34
53
47
41
29
31
16
42
42
37
20
25
31
22
40
34
40
27
38
41
26
17
16
41
47
21
15
32
49
34
27
23
37
38
39
19
24
25
18
33
36
39
39
30
31
21
32
50
18
35
26
46
40
27
32
36
21
27
21
36
46
53
35
25
26
17
13
33
43
34
29
21
17
9
34
46
20
35
32
16
36
30
15
26
24
28
35
35
35
26
42
31
39
34
28
30
28
28
34
38
33
25
15
19
40
20
33
24
26
14
18
42
42
40
28
37
32
36
43
34
20
37
26
51
31
28
28
35
28
30
42
28
32
41
33
7
27
33
29
8
37
24
46
20
33
15
30
50
27
47
37
29
34
47
44
30
42
46
26
19
33
11
21
35
41
44
18
29
39
38
46
48
26
50
27
34
43
17
16
46
35
14
13
38
27
40
15
14
15
31
8
44
24
27
28
21
13
42
32
43
29
41
35
19
34
31
33
32
24
33
26
5
25
15
20
9
28
49
46
40
28
33
36
63
39
47
33
36
35
23
29
40
29
45
38
32
17
30
29
30
45
46
15
10
39
27
21
38
43
30
34
45
36
32
24
4
22
29
18
33
39
29
27
36
42
50
34
42
3
12
5
32
31
17
23
29
32
47
38
14
13
14
14
10
23
49
39
23
21
16
26
23
43
27
24
5
24
17
7
23
37
16
20
12
19
39
22
46
23
18
55
26
32
47
35
38
39
33
19
16
7
9
24
39
29
25
32
21
16
21
33
18
27
19
8
13
29
39
29
25
37
23
29
42
44
24
25
38
32
49
38
28
38
20
22
16
43
43
34
19
38
42
42
23
37
31
33
11
31
38
31
22
36
26
56
28
18
22
35
41
23
32
29
8
22
18
12
15
14
40
27
46
33
26
19
20
41
23
28
21
18
31
12
31
34
34
26
44
44
15
24
34
23
22
21
28
38
32
32
26
46
43
16
28
28
24
17
29
40
24
29
20
18
23
34
32
26
26
39
37
25
40
12
27
41
39
26
44
34
16
36
52
29
15
29
39
44
26
25
34
53
20
30
31
36
35
41
31
41
27
47
17
35
39
21
21
27
34
29
45
35
37
41
48
40
36
33
27
16
12
37
23
30
38
44
41
25
40
37
49
33
32
29
25
42
44
30
36
43
19
30
24
32
12
50
32
29
37
31
38
38
42
33
24
40
26
35
34
13
20
24
16
44
28
16
29
7
11
24
45
41
22
12
27
15
11
23
11
32
16
15
9
26
35
21
28
43
15
27
29
21
12
37
30
20
25
19
33
46
19
28
23
45
37
23
36
35
33
26
21
19
18
44
23
40
27
30
25
33
34
46
21
21
44
12
17
28
33
20
23
29
19
31
17
22
26
18
43
15
33
22
32
19
25
42
19
32
25
26
26
41
51
48
36
52
35
25
24
36
30
41
24
26
37
38
16
21
26
30
45
26
15
37
38
51
47
26
42
39
41
38
28
44
29
20
18
50
34
35
13
36
32
13
39
19
47
24
31
41
39
22
24
42
41
37
30
22
39
54
43
31
33
22
21
23
31
33
37
41
36
49
35
32
23
39
36
17
18
8
22
28
35
31
36
35
22
15
21
34
34
51
31
45
34
22
41
21
23
41
35
16
31
22
14
9
36
39
35
30
33
33
36
43
4
22
10
20
30
33
43
41
39
13
13
27
11
25
29
16
28
21
32
33
13
36
23
43
32
40
22
37
28
34
33
21
22
33
30
34
42
41
28
18
35
31
8
35
36
13
29
18
4
20
10
38
36
41
29
37
34
35
42
35
42
50
48
32
31
20
18
29
41
16
31
44
23
32
13
15
18
36
32
43
27
20
35
18
23
29
23
16
26
27
27
38
15
16
21
24
31
27
40
32
46
24
19
22
27
32
25
10
46
38
41
29
31
41
35
43
30
30
53
43
40
22
11
18
23
29
21
26
44
38
26
17
21
22
15
28
50
22
28
37
41
34
42
35
7
47
47
30
37
43
43
37
40
21
36
26
24
36
35
33
31
51
40
30
55
37
36
27
33
28
49
34
28
16
20
33
42
36
21
18
