-35.3667 -7.6 0.225092250922509 0.16789667896679 0.214022140221402 0.206642066420664 0.186346863468635
-35.3667 -7.6 0.225092250922509 0.16789667896679 0.214022140221402 0.206642066420664 0.186346863468635
-35.3667 -7.6 0.225092250922509 0.16789667896679 0.214022140221402 0.206642066420664 0.186346863468635
-35.3667 -7.6 0.225092250922509 0.16789667896679 0.214022140221402 0.206642066420664 0.186346863468635
-35.3667 -7.6 0.225092250922509 0.16789667896679 0.214022140221402 0.206642066420664 0.186346863468635
-35.3667 -7.6 0.225092250922509 0.16789667896679 0.214022140221402 0.206642066420664 0.186346863468635
-36.0167 -8.3667 0.18450184501845 0.238007380073801 0.236162361623616 0.201107011070111 0.140221402214022
-36.0167 -8.3667 0.18450184501845 0.238007380073801 0.236162361623616 0.201107011070111 0.140221402214022
-36.0167 -8.3667 0.18450184501845 0.238007380073801 0.236162361623616 0.201107011070111 0.140221402214022
-36.0167 -8.3667 0.18450184501845 0.238007380073801 0.236162361623616 0.201107011070111 0.140221402214022
-36.0167 -8.3667 0.18450184501845 0.238007380073801 0.236162361623616 0.201107011070111 0.140221402214022
-36.0167 -8.3667 0.18450184501845 0.238007380073801 0.236162361623616 0.201107011070111 0.140221402214022
-36.0167 -8.3667 0.18450184501845 0.238007380073801 0.236162361623616 0.201107011070111 0.140221402214022
-36.0167 -8.3667 0.18450184501845 0.238007380073801 0.236162361623616 0.201107011070111 0.140221402214022
-36.0167 -8.3667 0.18450184501845 0.238007380073801 0.236162361623616 0.201107011070111 0.140221402214022
-36.4 -8.2 0.16789667896679 0.202952029520295 0.177121771217712 0.210332103321033 0.24169741697417
-36.4 -8.2 0.16789667896679 0.202952029520295 0.177121771217712 0.210332103321033 0.24169741697417
-36.4 -8.2 0.16789667896679 0.202952029520295 0.177121771217712 0.210332103321033 0.24169741697417
-36.4 -8.2 0.16789667896679 0.202952029520295 0.177121771217712 0.210332103321033 0.24169741697417
-36.4 -8.2 0.16789667896679 0.202952029520295 0.177121771217712 0.210332103321033 0.24169741697417
-35.8333 -8.7167 0.199261992619926 0.217712177121771 0.206642066420664 0.202952029520295 0.173431734317343
-35.8333 -8.7167 0.199261992619926 0.217712177121771 0.206642066420664 0.202952029520295 0.173431734317343
-35.8333 -8.7167 0.199261992619926 0.217712177121771 0.206642066420664 0.202952029520295 0.173431734317343
-35.8333 -8.7167 0.199261992619926 0.217712177121771 0.206642066420664 0.202952029520295 0.173431734317343
-35.8333 -8.7167 0.199261992619926 0.217712177121771 0.206642066420664 0.202952029520295 0.173431734317343
-35.8333 -8.7167 0.199261992619926 0.217712177121771 0.206642066420664 0.202952029520295 0.173431734317343
-35.8333 -8.7167 0.199261992619926 0.217712177121771 0.206642066420664 0.202952029520295 0.173431734317343
-35.8333 -8.7167 0.199261992619926 0.217712177121771 0.206642066420664 0.202952029520295 0.173431734317343
-38.7167 -3.8833 0.195571955719557 0.180811808118081 0.206642066420664 0.215867158671587 0.201107011070111
-38.7167 -3.8833 0.195571955719557 0.180811808118081 0.206642066420664 0.215867158671587 0.201107011070111
-38.7167 -3.8833 0.195571955719557 0.180811808118081 0.206642066420664 0.215867158671587 0.201107011070111
-38.7167 -3.8833 0.195571955719557 0.180811808118081 0.206642066420664 0.215867158671587 0.201107011070111
-38.7167 -3.8833 0.195571955719557 0.180811808118081 0.206642066420664 0.215867158671587 0.201107011070111
-38.7167 -3.8833 0.195571955719557 0.180811808118081 0.206642066420664 0.215867158671587 0.201107011070111
-38.7167 -3.8833 0.195571955719557 0.180811808118081 0.206642066420664 0.215867158671587 0.201107011070111
-35.1833 -8.0167 0.223247232472325 0.219557195571956 0.186346863468635 0.20479704797048 0.166051660516605
-35.1833 -8.0167 0.223247232472325 0.219557195571956 0.186346863468635 0.20479704797048 0.166051660516605
-35.1833 -8.0167 0.223247232472325 0.219557195571956 0.186346863468635 0.20479704797048 0.166051660516605
-35.1833 -8.0167 0.223247232472325 0.219557195571956 0.186346863468635 0.20479704797048 0.166051660516605
-35.1833 -8.0167 0.223247232472325 0.219557195571956 0.186346863468635 0.20479704797048 0.166051660516605
-35.1833 -8.0167 0.223247232472325 0.219557195571956 0.186346863468635 0.20479704797048 0.166051660516605
-35.1833 -8.0167 0.223247232472325 0.219557195571956 0.186346863468635 0.20479704797048 0.166051660516605
