0.0851321954931908 0.227108218139247 0.194619971887487 -999 -999 -999 -999 -999 -999 -999
0.0438862735682034 0.0310987631840092 0.0277646645834764 -999 -999 -999 -999 -999 -999 -999
0.0287558557782868 0.0273056174075521 0.0245828376629354 -999 -999 -999 -999 -999 -999 -999
0.204005977959029 0.098317086806837 0.114470549288261 -999 -999 -999 -999 -999 -999 -999
0.0695287178587866 0.0276875394805161 0.0273023015246283 -999 -999 -999 -999 -999 -999 -999
0.0573077393077625 0.0656988094823928 0.079633607576688 -999 -999 -999 -999 -999 -999 -999
0.0180576130527646 0.0447376664975727 0.0472166202377435 -999 -999 -999 -999 -999 -999 -999
0.0224823236694047 0.0456456772038553 0.0606498852643583 -999 -999 -999 -999 -999 -999 -999
0.0177455489052915 0.0342996822372447 0.0368137092974623 -999 -999 -999 -999 -999 -999 -999
0.0338283230632747 0.0299377982098842 0.0370498209841983 -999 -999 -999 -999 -999 -999 -999
0.0213641861273241 0.0489623778666735 0.0643040786122892 -999 -999 -999 -999 -999 -999 -999
0.0176166856498407 0.0308696875535097 0.0361915281165399 -999 -999 -999 -999 -999 -999 -999
0.0178436491293627 0.0326263664759882 0.0359759065587895 -999 -999 -999 -999 -999 -999 -999
0.0537537838668892 0.0275541974558629 0.0246719196528355 -999 -999 -999 -999 -999 -999 -999
0.0613618575595135 0.0317029480209923 0.0257745518799904 -999 -999 -999 -999 -999 -999 -999
0.0316807117475685 0.0273574607466566 0.0215622819382204 -999 -999 -999 -999 -999 -999 -999
0.0934506920635129 0.0285888638082217 0.0245956958868538 -999 -999 -999 -999 -999 -999 -999
0.0330864663539168 0.0275327405840878 0.023258695347654 -999 -999 -999 -999 -999 -999 -999
0.0496602572170801 0.0267037182444332 0.0205057226589724 -999 -999 -999 -999 -999 -999 -999
0.0394511416289973 0.086264780594463 0.0730556510406162 -999 -999 -999 -999 -999 -999 -999
-999 -999 -999 -999 -999 -999 -999 -999 -999 -999
0.0320882740821685 0.0346746921769214 0.0367386796777414 -999 -999 -999 -999 -999 -999 -999
0.031621992154458 0.0273852412394998 0.0246316171837578 -999 -999 -999 -999 -999 -999 -999
0.0299101269408025 0.0279689784899321 0.0276606439184369 -999 -999 -999 -999 -999 -999 -999
0.0484805883688457 0.218097112594056 0.164277184572246 -999 -999 -999 -999 -999 -999 -999
0.243214992432316 0.0969865685028939 0.115308264018762 -999 -999 -999 -999 -999 -999 -999
0.0301204250819143 0.0277011086365355 0.025202817414648 -999 -999 -999 -999 -999 -999 -999
0.0216650240705236 0.0497266014135493 0.0591757045225663 -999 -999 -999 -999 -999 -999 -999
0.0170994481433891 0.0380818088619368 0.0496342073413103 -999 -999 -999 -999 -999 -999 -999
0.0203552214655546 0.0493379418250165 0.0599709118398423 -999 -999 -999 -999 -999 -999 -999
0.0169197121683875 0.0327331919471384 0.0350127274587959 -999 -999 -999 -999 -999 -999 -999
0.0191393414155152 0.0530549528195832 0.066038948046894 -999 -999 -999 -999 -999 -999 -999
0.0182181279810719 0.0327873471111404 0.0337952048654981 -999 -999 -999 -999 -999 -999 -999
0.0170346404599939 0.0317266601396985 0.0367505588095528 -999 -999 -999 -999 -999 -999 -999
0.0316465756946739 0.0271321360924637 0.0245553340837018 -999 -999 -999 -999 -999 -999 -999
0.0310661564370242 0.02570687699287 0.0246724370076409 -999 -999 -999 -999 -999 -999 -999
0.0441800975718405 0.024800750335187 0.0263576028974446 -999 -999 -999 -999 -999 -999 -999
0.0343711301770203 0.0237809764537394 0.024252522887265 -999 -999 -999 -999 -999 -999 -999
0.0316761009055506 0.0246592576450582 0.0265138054950779 -999 -999 -999 -999 -999 -999 -999
0.0797448043468334 0.0292115095831744 0.0240121021287088 -999 -999 -999 -999 -999 -999 -999
0.0302924981532876 0.0236716661603809 0.0265528098679251 -999 -999 -999 -999 -999 -999 -999
0.171154721948828 0.100774620979224 0.0888859159621842 -999 -999 -999 -999 -999 -999 -999
0.349366616793437 0.21838160108765 0.288639622837741 -999 -999 -999 -999 -999 -999 -999
0.0411245031397532 0.0585359574482397 0.061918839529754 -999 -999 -999 -999 -999 -999 -999
0.156670255915779 0.106293361624464 0.0810616576208204 -999 -999 -999 -999 -999 -999 -999
0.0575284045825163 0.0461553471532672 0.0281380794475343 -999 -999 -999 -999 -999 -999 -999
0.0231244487280599 0.0537322467344061 0.0701382658583031 -999 -999 -999 -999 -999 -999 -999
0.0220310572542615 0.0377327335718579 0.0543547825573 -999 -999 -999 -999 -999 -999 -999
0.0218017899519421 0.0475759876805329 0.0637613363696403 -999 -999 -999 -999 -999 -999 -999
0.0358765068973053 0.0368900661195593 0.0321089416457802 -999 -999 -999 -999 -999 -999 -999
0.019500887677978 0.226790704320453 0.126160202284758 -999 -999 -999 -999 -999 -999 -999
0.0764943791978255 0.0329229089263429 0.0333902442913386 -999 -999 -999 -999 -999 -999 -999
0.196481149861142 0.134989085333226 0.16032802755703 -999 -999 -999 -999 -999 -999 -999
-999 -999 -999 -999 -999 -999 -999 -999 -999 -999
-999 -999 -999 -999 -999 -999 -999 -999 -999 -999
-999 -999 -999 -999 -999 -999 -999 -999 -999 -999
-999 -999 -999 -999 -999 -999 -999 -999 -999 -999
-999 -999 -999 -999 -999 -999 -999 -999 -999 -999
-999 -999 -999 -999 -999 -999 -999 -999 -999 -999
-999 -999 -999 -999 -999 -999 -999 -999 -999 -999
-999 -999 -999 -999 -999 -999 -999 -999 -999 -999
-999 -999 -999 -999 -999 -999 -999 -999 -999 -999
-999 -999 -999 -999 -999 -999 -999 -999 -999 -999
-999 -999 -999 -999 -999 -999 -999 -999 -999 -999
-999 -999 -999 -999 -999 -999 -999 -999 -999 -999
-999 -999 -999 -999 -999 -999 -999 -999 -999 -999
-999 -999 -999 -999 -999 -999 -999 -999 -999 -999
-999 -999 -999 -999 -999 -999 -999 -999 -999 -999
-999 -999 -999 -999 -999 -999 -999 -999 -999 -999
-999 -999 -999 -999 -999 -999 -999 -999 -999 -999
-999 -999 -999 -999 -999 -999 -999 -999 -999 -999
-999 -999 -999 -999 -999 -999 -999 -999 -999 -999
-999 -999 -999 -999 -999 -999 -999 -999 -999 -999
-999 -999 -999 -999 -999 -999 -999 -999 -999 -999
-999 -999 -999 -999 -999 -999 -999 -999 -999 -999
-999 -999 -999 -999 -999 -999 -999 -999 -999 -999
-999 -999 -999 -999 -999 -999 -999 -999 -999 -999
-999 -999 -999 -999 -999 -999 -999 -999 -999 -999
-999 -999 -999 -999 -999 -999 -999 -999 -999 -999
-999 -999 -999 -999 -999 -999 -999 -999 -999 -999
-999 -999 -999 -999 -999 -999 -999 -999 -999 -999
-999 -999 -999 -999 -999 -999 -999 -999 -999 -999
-999 -999 -999 -999 -999 -999 -999 -999 -999 -999
-999 -999 -999 -999 -999 -999 -999 -999 -999 -999
-999 -999 -999 -999 -999 -999 -999 -999 -999 -999
-999 -999 -999 -999 -999 -999 -999 -999 -999 -999
-999 -999 -999 -999 -999 -999 -999 -999 -999 -999
-999 -999 -999 -999 -999 -999 -999 -999 -999 -999
-999 -999 -999 -999 -999 -999 -999 -999 -999 -999
-999 -999 -999 -999 -999 -999 -999 -999 -999 -999
-999 -999 -999 -999 -999 -999 -999 -999 -999 -999
-999 -999 -999 -999 -999 -999 -999 -999 -999 -999
-999 -999 -999 -999 -999 -999 -999 -999 -999 -999
-999 -999 -999 -999 -999 -999 -999 -999 -999 -999
-999 -999 -999 -999 -999 -999 -999 -999 -999 -999
-999 -999 -999 -999 -999 -999 -999 -999 -999 -999
-999 -999 -999 -999 -999 -999 -999 -999 -999 -999
-999 -999 -999 -999 -999 -999 -999 -999 -999 -999
-999 -999 -999 -999 -999 -999 -999 -999 -999 -999
-999 -999 -999 -999 -999 -999 -999 -999 -999 -999
-999 -999 -999 -999 -999 -999 -999 -999 -999 -999
-999 -999 -999 -999 -999 -999 -999 -999 -999 -999
-999 -999 -999 -999 -999 -999 -999 -999 -999 -999
-999 -999 -999 -999 -999 -999 -999 -999 -999 -999
-999 -999 -999 -999 -999 -999 -999 -999 -999 -999
