16
8
22
7
7
35
31
14
26
8
9
26
9
24
3
13
31
43
16
24
14
10
8
7
10
6
12
4
42
15
27
21
9
16
21
6
25
15
21
8
27
32
33
5
7
16
33
34
18
13
29
26
10
12
7
6
10
39
21
13
27
31
20
4
18
11
7
28
35
19
17
17
6
23
3
3
11
21
35
4
15
43
5
27
23
30
37
33
6
24
12
22
13
33
12
18
3
46
24
26
5
8
5
16
13
17
21
23
16
5
4
6
27
19
32
18
12
13
12
36
20
22
45
7
28
7
32
26
19
40
19
23
18
13
41
10
37
40
14
7
4
31
14
10
28
19
27
21
24
46
19
18
40
29
23
12
9
38
26
34
23
26
14
41
32
15
18
30
29
5
3
13
23
35
3
2
5
17
29
4
16
9
14
10
3
10
17
31
17
21
22
28
15
19
18
33
19
19
21
13
17
13
25
22
21
4
10
20
26
44
26
18
9
9
23
19
7
43
39
33
23
25
10
3
9
29
27
31
4
23
27
22
25
18
9
17
11
10
6
42
23
32
9
3
22
21
23
36
6
5
9
3
14
12
16
33
22
14
21
7
11
29
20
33
30
28
23
4
12
8
5
4
20
12
20
10
8
22
11
17
3
9
18
11
3
32
9
9
30
37
30
26
8
37
11
7
24
25
9
38
33
23
17
4
48
43
18
12
8
7
30
32
32
18
20
10
5
33
9
15
13
39
23
37
29
36
6
27
28
11
27
15
6
28
6
11
19
21
32
10
16
19
21
31
7
8
20
26
7
24
33
31
19
18
14
29
3
13
28
42
14
26
23
11
6
37
11
34
21
25
35
34
25
23
4
10
17
28
36
22
25
23
14
14
7
3
13
43
6
27
4
11
13
12
17
12
5
20
48
14
9
34
3
22
17
5
33
31
12
45
14
42
41
30
30
28
28
16
6
12
14
17
7
33
6
29
46
11
22
4
11
5
35
37
5
28
5
16
7
9
5
9
28
9
13
10
35
38
7
16
33
13
19
17
19
21
13
14
6
23
11
7
7
9
7
7
16
40
19
9
15
10
40
38
16
13
22
3
4
35
20
43
15
27
52
3
25
25
9
19
15
22
14
14
13
39
31
20
8
11
30
23
13
9
24
27
7
7
10
29
6
25
17
13
25
14
21
9
31
11
29
25
16
39
5
4
15
26
12
11
3
8
8
6
15
12
8
9
12
4
3
5
4
4
37
32
12
13
8
11
6
10
43
14
25
21
14
28
9
11
13
5
35
12
25
8
18
20
8
9
26
39
9
16
8
35
20
7
17
11
9
45
16
20
9
5
30
5
10
48
15
25
25
3
34
20
32
24
14
9
6
21
20
14
21
37
12
14
14
7
40
29
16
43
9
40
14
41
15
35
20
26
12
14
16
17
33
32
25
37
13
12
21
22
31
40
22
32
8
21
7
4
38
21
3
19
29
33
11
18
22
11
20
27
48
36
9
18
26
9
14
13
2
32
41
11
4
15
34
7
18
4
28
8
8
6
6
10
11
5
22
3
14
17
12
17
21
33
19
22
22
25
39
45
32
15
16
4
35
10
14
6
17
27
30
7
17
29
15
3
25
9
7
14
33
6
22
42
17
39
36
10
26
47
36
16
15
4
8
19
49
21
13
17
15
38
27
18
17
9
50
30
27
13
12
20
14
35
12
9
7
34
18
9
41
38
16
44
21
5
11
23
8
18
6
16
6
5
41
34
7
18
14
26
16
16
14
35
10
8
4
10
22
29
24
16
37
25
39
21
40
8
16
8
36
6
6
3
6
7
10
16
37
40
6
10
32
42
17
33
24
18
38
16
12
42
11
37
8
20
16
19
14
13
15
6
20
25
37
38
13
36
21
15
9
11
7
11
32
22
17
43
24
38
11
7
26
9
13
14
5
28
28
15
30
20
31
4
30
18
10
18
20
25
31
37
44
48
23
21
29
3
27
3
12
18
4
16
13
35
34
16
13
31
4
10
17
23
36
19
10
5
16
21
34
4
39
17
9
14
35
15
19
11
16
7
9
14
3
19
5
7
16
15
5
46
45
28
42
3
33
43
3
9
23
4
10
34
24
14
25
7
18
36
27
13
8
25
21
37
22
9
13
43
22
21
8
8
24
17
12
17
13
5
3
4
3
28
9
12
22
46
31
20
21
7
15
32
16
5
29
18
12
13
11
30
33
12
22
22
40
7
10
36
11
19
12
47
11
16
13
21
39
11
41
9
26
40
11
33
