-35.3667 -7.6 0.590909090909091 0.238636363636364 0.170454545454545 0 0 0 0 0 0 0
-35.3667 -7.6 0.590909090909091 0.238636363636364 0.170454545454545 0 0 0 0 0 0 0
-35.3667 -7.6 0.590909090909091 0.238636363636364 0.170454545454545 0 0 0 0 0 0 0
-35.3667 -7.6 0.590909090909091 0.238636363636364 0.170454545454545 0 0 0 0 0 0 0
-35.3667 -7.6 0.590909090909091 0.238636363636364 0.170454545454545 0 0 0 0 0 0 0
-35.3667 -7.6 0.590909090909091 0.238636363636364 0.170454545454545 0 0 0 0 0 0 0
-36.0167 -8.3667 0.227272727272727 0.306818181818182 0.465909090909091 0 0 0 0 0 0 0
-36.0167 -8.3667 0.227272727272727 0.306818181818182 0.465909090909091 0 0 0 0 0 0 0
-36.0167 -8.3667 0.227272727272727 0.306818181818182 0.465909090909091 0 0 0 0 0 0 0
-36.0167 -8.3667 0.227272727272727 0.306818181818182 0.465909090909091 0 0 0 0 0 0 0
-36.0167 -8.3667 0.227272727272727 0.306818181818182 0.465909090909091 0 0 0 0 0 0 0
-36.0167 -8.3667 0.227272727272727 0.306818181818182 0.465909090909091 0 0 0 0 0 0 0
-36.0167 -8.3667 0.227272727272727 0.306818181818182 0.465909090909091 0 0 0 0 0 0 0
-36.0167 -8.3667 0.227272727272727 0.306818181818182 0.465909090909091 0 0 0 0 0 0 0
-36.0167 -8.3667 0.227272727272727 0.306818181818182 0.465909090909091 0 0 0 0 0 0 0
-36.4 -8.2 0.224431818181818 0.306818181818182 0.46875 0 0 0 0 0 0 0
-36.4 -8.2 0.224431818181818 0.306818181818182 0.46875 0 0 0 0 0 0 0
-36.4 -8.2 0.224431818181818 0.306818181818182 0.46875 0 0 0 0 0 0 0
-36.4 -8.2 0.224431818181818 0.306818181818182 0.46875 0 0 0 0 0 0 0
-36.4 -8.2 0.224431818181818 0.306818181818182 0.46875 0 0 0 0 0 0 0
-35.8333 -8.7167 0.644886363636364 0.204545454545455 0.150568181818182 0 0 0 0 0 0 0
-35.8333 -8.7167 0.644886363636364 0.204545454545455 0.150568181818182 0 0 0 0 0 0 0
-35.8333 -8.7167 0.644886363636364 0.204545454545455 0.150568181818182 0 0 0 0 0 0 0
-35.8333 -8.7167 0.644886363636364 0.204545454545455 0.150568181818182 0 0 0 0 0 0 0
-35.8333 -8.7167 0.644886363636364 0.204545454545455 0.150568181818182 0 0 0 0 0 0 0
-35.8333 -8.7167 0.644886363636364 0.204545454545455 0.150568181818182 0 0 0 0 0 0 0
-35.8333 -8.7167 0.644886363636364 0.204545454545455 0.150568181818182 0 0 0 0 0 0 0
-35.8333 -8.7167 0.644886363636364 0.204545454545455 0.150568181818182 0 0 0 0 0 0 0
-38.7167 -3.8833 0.142045454545455 0.482954545454545 0.375 0 0 0 0 0 0 0
-38.7167 -3.8833 0.142045454545455 0.482954545454545 0.375 0 0 0 0 0 0 0
-38.7167 -3.8833 0.142045454545455 0.482954545454545 0.375 0 0 0 0 0 0 0
-38.7167 -3.8833 0.142045454545455 0.482954545454545 0.375 0 0 0 0 0 0 0
-38.7167 -3.8833 0.142045454545455 0.482954545454545 0.375 0 0 0 0 0 0 0
-38.7167 -3.8833 0.142045454545455 0.482954545454545 0.375 0 0 0 0 0 0 0
-38.7167 -3.8833 0.142045454545455 0.482954545454545 0.375 0 0 0 0 0 0 0
-35.1833 -8.0167 0.644886363636364 0.204545454545455 0.150568181818182 0 0 0 0 0 0 0
-35.1833 -8.0167 0.644886363636364 0.204545454545455 0.150568181818182 0 0 0 0 0 0 0
-35.1833 -8.0167 0.644886363636364 0.204545454545455 0.150568181818182 0 0 0 0 0 0 0
-35.1833 -8.0167 0.644886363636364 0.204545454545455 0.150568181818182 0 0 0 0 0 0 0
-35.1833 -8.0167 0.644886363636364 0.204545454545455 0.150568181818182 0 0 0 0 0 0 0
-35.1833 -8.0167 0.644886363636364 0.204545454545455 0.150568181818182 0 0 0 0 0 0 0
-35.1833 -8.0167 0.644886363636364 0.204545454545455 0.150568181818182 0 0 0 0 0 0 0
