-35.3631514347119 -7.60332497303374
-35.3650097536536 -7.59753221190535
-35.3678079590162 -7.59676782184746
-35.3705997228048 -7.59671734066447
-35.367221967879 -7.5968335570069
-35.3632242982027 -7.59528539813822
-36.018637464457 -8.3684422660836
-36.0184251550313 -8.36787481694324
-36.0132086770453 -8.36816300476277
-36.0161458785886 -8.36726911964668
-36.0167615628157 -8.36558045989675
-36.0149325307722 -8.37070302502327
-36.0210040124397 -8.37086825763416
-36.0186086344121 -8.36479199113399
-36.0127574638657 -8.36699870709404
-36.4019291705638 -8.19563206956023
-36.3988557965332 -8.19650792877423
-36.3976599285961 -8.19584047284676
-36.4046716131456 -8.19837698656367
-36.3965335492045 -8.19768747672904
-35.8328406964701 -8.7146010105296
-35.8367575422946 -8.71784874604391
-35.8326523164885 -8.71250661262153
-35.8344747284909 -8.71656826881766
-35.8336062803438 -8.71489214298157
-35.8378183606748 -8.71928124664193
-35.8315458713255 -8.71697053492609
-35.8300233062652 -8.71442790752118
-38.7150861649525 -3.88767901923666
-38.7212505577582 -3.87894463267569
-38.7202359686031 -3.88333878437215
-38.7191087744066 -3.88286369907828
-38.7149841709023 -3.88504752959982
-38.7175203640906 -3.88117042428972
-38.7200748097508 -3.88089064536076
-35.1877464605162 -8.01879092765115
-35.178968794706 -8.02080732967081
-35.1832382403214 -8.01762005123384
-35.1880285346664 -8.01604841910144
-35.1849079811892 -8.01669290231382
-35.1882125890061 -8.01867837541113
-35.1829410127613 -8.0135032152974
-999 -999
-999 -999
-999 -999
-999 -999
-999 -999
-999 -999
-999 -999
-999 -999
-999 -999
-999 -999
-999 -999
-999 -999
-999 -999
-999 -999
-999 -999
-999 -999
-999 -999
-999 -999
-999 -999
-999 -999
-999 -999
-999 -999
-999 -999
-999 -999
-999 -999
-999 -999
-999 -999
-999 -999
-999 -999
-999 -999
-999 -999
-999 -999
-999 -999
-999 -999
-999 -999
-999 -999
-999 -999
-999 -999
-999 -999
-999 -999
-999 -999
-999 -999
-999 -999
-999 -999
-999 -999
-999 -999
-999 -999
-999 -999
-999 -999
-999 -999
-999 -999
-999 -999
-999 -999
-999 -999
-999 -999
-999 -999
-999 -999
-999 -999
-999 -999
-999 -999
-999 -999
-999 -999
-999 -999
-999 -999
-999 -999
-999 -999
-999 -999
-999 -999
-999 -999
-999 -999
-999 -999
-999 -999
-999 -999
-999 -999
-999 -999
-999 -999
-999 -999
-999 -999
-999 -999
-999 -999
-999 -999
-999 -999
-999 -999
-999 -999
