0.0734832095140701 0.0420180905418778 0.370622119413217 -999 -999 -999 -999 -999 -999 -999
0.033251889427395 0.0211121422382948 0.0487880805519614 -999 -999 -999 -999 -999 -999 -999
0.0253624852021977 0.0216871780281192 0.0378340606887631 -999 -999 -999 -999 -999 -999 -999
0.186749656016993 0.169190351379306 0.0774289371446098 -999 -999 -999 -999 -999 -999 -999
0.0699545806125034 0.0206783704097517 0.0395150908407185 -999 -999 -999 -999 -999 -999 -999
0.0537236308714149 0.123140284000888 0.0268786166930264 -999 -999 -999 -999 -999 -999 -999
0.0191125787141717 0.0626126496563711 0.0243692161755263 -999 -999 -999 -999 -999 -999 -999
0.0177587479939862 0.083430652505264 0.025437292991232 -999 -999 -999 -999 -999 -999 -999
0.0189381476876933 0.042558409171233 0.0249718953367265 -999 -999 -999 -999 -999 -999 -999
0.036657388421442 0.0418740996966402 0.024428918424519 -999 -999 -999 -999 -999 -999 -999
0.0188966480441415 0.0934219242702573 0.0245606516528279 -999 -999 -999 -999 -999 -999 -999
0.0183946416753118 0.0413257204203099 0.0254818831397557 -999 -999 -999 -999 -999 -999 -999
0.0177467143313995 0.0413347826488859 0.0256658257770418 -999 -999 -999 -999 -999 -999 -999
0.0620963375936459 0.0210262573758263 0.0258478369227993 -999 -999 -999 -999 -999 -999 -999
0.0721423956615633 0.020109939751986 0.0265017610470068 -999 -999 -999 -999 -999 -999 -999
0.036692879147344 0.0206698906688018 0.0253594426205322 -999 -999 -999 -999 -999 -999 -999
0.105779450774001 0.0213687467418043 0.027294647362614 -999 -999 -999 -999 -999 -999 -999
0.0355534073158742 0.0213487610991399 0.0248317338834653 -999 -999 -999 -999 -999 -999 -999
0.0546107294934751 0.0202640781854119 0.0257685863435528 -999 -999 -999 -999 -999 -999 -999
0.0430944815013753 0.0708276712098312 0.0684134029901037 -999 -999 -999 -999 -999 -999 -999
-999 -999 -999 -999 -999 -999 -999 -999 -999 -999
-999 -999 -999 -999 -999 -999 -999 -999 -999 -999
-999 -999 -999 -999 -999 -999 -999 -999 -999 -999
0.0261335732128377 0.041259646217772 0.0375774928143031 -999 -999 -999 -999 -999 -999 -999
0.0251042560903412 0.0203963594137044 0.0396574027329612 -999 -999 -999 -999 -999 -999 -999
0.0256620809565955 0.020687872382735 0.0381778328299157 -999 -999 -999 -999 -999 -999 -999
0.0503150630428122 0.0208843783159843 0.298733729583327 -999 -999 -999 -999 -999 -999 -999
0.247350386352566 0.186538433078637 0.0544979265597469 -999 -999 -999 -999 -999 -999 -999
0.0250419788347069 0.0201215093853285 0.0359659282278811 -999 -999 -999 -999 -999 -999 -999
0.0179342175728659 0.0891015460166755 0.0239871028585811 -999 -999 -999 -999 -999 -999 -999
0.0181096407985125 0.0602273028723225 0.0236477514038884 -999 -999 -999 -999 -999 -999 -999
0.0179445603350092 0.0883765685188097 0.0243326374180588 -999 -999 -999 -999 -999 -999 -999
0.0179667334544715 0.0406500974400291 0.0243438280714871 -999 -999 -999 -999 -999 -999 -999
0.0182550575684328 0.0985399341354981 0.0239599779026057 -999 -999 -999 -999 -999 -999 -999
0.0188005023257678 0.0408124358901833 0.0248059959153579 -999 -999 -999 -999 -999 -999 -999
0.0179918191913364 0.0400466384004787 0.0240260363595636 -999 -999 -999 -999 -999 -999 -999
0.0354963421745948 0.0206715420498541 0.0252246863871414 -999 -999 -999 -999 -999 -999 -999
0.0381573189478295 0.0200910961893185 0.0252943968123109 -999 -999 -999 -999 -999 -999 -999
0.0530525860728264 0.0202808891094095 0.0252667425714766 -999 -999 -999 -999 -999 -999 -999
0.0384994904929139 0.019952102942307 0.0242907904555538 -999 -999 -999 -999 -999 -999 -999
0.0374516597083819 0.0201929699384623 0.0253208224174435 -999 -999 -999 -999 -999 -999 -999
0.0928978584339618 0.0201171849918705 0.0266680841288104 -999 -999 -999 -999 -999 -999 -999
0.0353838806131716 0.0206490074488121 0.0253742343133951 -999 -999 -999 -999 -999 -999 -999
0.142450993820064 0.0904024852618075 0.148846600236191 -999 -999 -999 -999 -999 -999 -999
-999 -999 -999 -999 -999 -999 -999 -999 -999 -999
-999 -999 -999 -999 -999 -999 -999 -999 -999 -999
0.346500388071193 0.482249037983574 0.0735687042082937 -999 -999 -999 -999 -999 -999 -999
0.0310169531257555 0.0770583700282636 0.0493821955142609 -999 -999 -999 -999 -999 -999 -999
0.158036261200491 0.0253423839917309 0.165477239568816 -999 -999 -999 -999 -999 -999 -999
0.0556313082394245 0.025434110296915 0.0503403323695105 -999 -999 -999 -999 -999 -999 -999
0.0226291462719948 0.0860960081882539 0.0328541721099143 -999 -999 -999 -999 -999 -999 -999
0.0216573676457943 0.0517648347381198 0.0326296759807031 -999 -999 -999 -999 -999 -999 -999
0.0222197447780745 0.0773494162870442 0.0321627071993125 -999 -999 -999 -999 -999 -999 -999
0.0427653515267807 0.0258555388571679 0.0329313737569562 -999 -999 -999 -999 -999 -999 -999
0.0269812177540904 0.0259019266014486 0.248790444952333 -999 -999 -999 -999 -999 -999 -999
0.0903471012431877 0.0258576266915493 0.036128056733647 -999 -999 -999 -999 -999 -999 -999
0.182215160143215 0.0970907463359328 0.245735097606252 -999 -999 -999 -999 -999 -999 -999
-999 -999 -999 -999 -999 -999 -999 -999 -999 -999
-999 -999 -999 -999 -999 -999 -999 -999 -999 -999
-999 -999 -999 -999 -999 -999 -999 -999 -999 -999
-999 -999 -999 -999 -999 -999 -999 -999 -999 -999
-999 -999 -999 -999 -999 -999 -999 -999 -999 -999
-999 -999 -999 -999 -999 -999 -999 -999 -999 -999
-999 -999 -999 -999 -999 -999 -999 -999 -999 -999
-999 -999 -999 -999 -999 -999 -999 -999 -999 -999
-999 -999 -999 -999 -999 -999 -999 -999 -999 -999
-999 -999 -999 -999 -999 -999 -999 -999 -999 -999
-999 -999 -999 -999 -999 -999 -999 -999 -999 -999
-999 -999 -999 -999 -999 -999 -999 -999 -999 -999
0.0247320690182373 0.162199451498127 0.0300695440154376 -999 -999 -999 -999 -999 -999 -999
0.0249669669163903 0.162166397657696 0.0304857503334313 -999 -999 -999 -999 -999 -999 -999
0.0249097999371189 0.0813678477671403 0.0304261419202948 -999 -999 -999 -999 -999 -999 -999
0.0257811298681133 0.0277648621987408 0.059833305204456 -999 -999 -999 -999 -999 -999 -999
0.0504440067717549 0.0266486282264103 0.0309753429167572 -999 -999 -999 -999 -999 -999 -999
0.0977662675480547 0.0273023262358288 0.0314062720355122 -999 -999 -999 -999 -999 -999 -999
0.0245920472058043 0.0540227505995338 0.0309703154870761 -999 -999 -999 -999 -999 -999 -999
0.0292620987990325 0.0278503566404745 0.175098034031932 -999 -999 -999 -999 -999 -999 -999
0.0494778765036125 0.0259153228423652 0.0304291933281499 -999 -999 -999 -999 -999 -999 -999
0.0730865819516276 0.0274512599538225 0.0325606910174225 -999 -999 -999 -999 -999 -999 -999
0.044574799937584 0.0275072020568704 0.0619084695475892 -999 -999 -999 -999 -999 -999 -999
0.0491795138011255 0.0274921299495276 0.0298212101298065 -999 -999 -999 -999 -999 -999 -999
0.0475343872902896 0.0264529625081118 0.03133119120704 -999 -999 -999 -999 -999 -999 -999
0.0346421895834817 0.0268610438151425 0.0452475555187135 -999 -999 -999 -999 -999 -999 -999
0.0250463520275756 0.0539345293677294 0.0308966270135223 -999 -999 -999 -999 -999 -999 -999
0.049036901419096 0.0267284552580471 0.0309789394670615 -999 -999 -999 -999 -999 -999 -999
0.048963006586821 0.0270744286941879 0.0310261626822801 -999 -999 -999 -999 -999 -999 -999
0.0462945645291183 0.0265119833244472 0.0605041965997901 -999 -999 -999 -999 -999 -999 -999
0.0717826405871766 0.0264143605951851 0.0312089279469685 -999 -999 -999 -999 -999 -999 -999
0.0494666861736511 0.0268380612654576 0.0306334885458261 -999 -999 -999 -999 -999 -999 -999
0.0484739338145514 0.0275029310876424 0.0296488668331732 -999 -999 -999 -999 -999 -999 -999
0.0346623691579402 0.0272054302704954 0.04581220510627 -999 -999 -999 -999 -999 -999 -999
0.0253238105718427 0.0267872781870167 0.0587275691114896 -999 -999 -999 -999 -999 -999 -999
0.0253570755928983 0.110218802237721 0.0317113697328646 -999 -999 -999 -999 -999 -999 -999
0.0512315983642345 0.0275506336824617 0.0312043397111325 -999 -999 -999 -999 -999 -999 -999
0.0272208159868439 0.0278063004432133 0.091019532544004 -999 -999 -999 -999 -999 -999 -999
0.0250804450849151 0.193239945866291 0.031609351309253 -999 -999 -999 -999 -999 -999 -999
0.124860910805894 0.0274820026852423 0.0335635822312546 -999 -999 -999 -999 -999 -999 -999
0.0303371728441975 0.027399286409909 0.180220305229488 -999 -999 -999 -999 -999 -999 -999
0.0256212282499468 0.0573584116913549 0.0316935623285812 -999 -999 -999 -999 -999 -999 -999
0.0498131365719339 0.0277896505206421 0.0317680884440117 -999 -999 -999 -999 -999 -999 -999
0.123558967369104 0.0282253459316029 0.0331898198365474 -999 -999 -999 -999 -999 -999 -999
0.0744810720857588 0.0272953058015484 0.0333163439921408 -999 -999 -999 -999 -999 -999 -999
0.0255364980670956 0.0842354885018139 0.0306024905242994 -999 -999 -999 -999 -999 -999 -999
0.0496880915301086 0.026918280130484 0.0324011312204138 -999 -999 -999 -999 -999 -999 -999
0.0361991443376673 0.0277419671669172 0.048016234050815 -999 -999 -999 -999 -999 -999 -999
0.0251101517825344 0.0568054321599025 0.0311137151112135 -999 -999 -999 -999 -999 -999 -999
0.0364649184517293 0.027314547373082 0.0464089814583722 -999 -999 -999 -999 -999 -999 -999
0.0355899903787798 0.0268927027713609 0.0476545581376121 -999 -999 -999 -999 -999 -999 -999
0.0357767290867194 0.0287101428373478 0.0474433049676402 -999 -999 -999 -999 -999 -999 -999
0.0499866925404454 0.0284441565382147 0.0313452902984329 -999 -999 -999 -999 -999 -999 -999
0.0498398390683309 0.0275702924749253 0.0312539344843658 -999 -999 -999 -999 -999 -999 -999
0.0358009438345607 0.0285507875627297 0.0472350018875339 -999 -999 -999 -999 -999 -999 -999
0.0365716449259922 0.0274753221116101 0.046438885916868 -999 -999 -999 -999 -999 -999 -999
0.0258729330403087 0.0549751951016247 0.0307901765831553 -999 -999 -999 -999 -999 -999 -999
-999 -999 -999 -999 -999 -999 -999 -999 -999 -999
-999 -999 -999 -999 -999 -999 -999 -999 -999 -999
-999 -999 -999 -999 -999 -999 -999 -999 -999 -999
-999 -999 -999 -999 -999 -999 -999 -999 -999 -999
-999 -999 -999 -999 -999 -999 -999 -999 -999 -999
-999 -999 -999 -999 -999 -999 -999 -999 -999 -999
-999 -999 -999 -999 -999 -999 -999 -999 -999 -999
-999 -999 -999 -999 -999 -999 -999 -999 -999 -999
-999 -999 -999 -999 -999 -999 -999 -999 -999 -999
-999 -999 -999 -999 -999 -999 -999 -999 -999 -999
-999 -999 -999 -999 -999 -999 -999 -999 -999 -999
-999 -999 -999 -999 -999 -999 -999 -999 -999 -999
-999 -999 -999 -999 -999 -999 -999 -999 -999 -999
-999 -999 -999 -999 -999 -999 -999 -999 -999 -999
-999 -999 -999 -999 -999 -999 -999 -999 -999 -999
-999 -999 -999 -999 -999 -999 -999 -999 -999 -999
-999 -999 -999 -999 -999 -999 -999 -999 -999 -999
-999 -999 -999 -999 -999 -999 -999 -999 -999 -999
-999 -999 -999 -999 -999 -999 -999 -999 -999 -999
-999 -999 -999 -999 -999 -999 -999 -999 -999 -999
-999 -999 -999 -999 -999 -999 -999 -999 -999 -999
-999 -999 -999 -999 -999 -999 -999 -999 -999 -999
-999 -999 -999 -999 -999 -999 -999 -999 -999 -999
-999 -999 -999 -999 -999 -999 -999 -999 -999 -999
