-35.3667 -7.6 0.386012715712988 0.169542839842567 0.444444444444444 0 0 0 0 0 0 0
-35.3667 -7.6 0.386012715712988 0.169542839842567 0.444444444444444 0 0 0 0 0 0 0
-35.3667 -7.6 0.386012715712988 0.169542839842567 0.444444444444444 0 0 0 0 0 0 0
-35.3667 -7.6 0.386012715712988 0.169542839842567 0.444444444444444 0 0 0 0 0 0 0
-35.3667 -7.6 0.386012715712988 0.169542839842567 0.444444444444444 0 0 0 0 0 0 0
-35.3667 -7.6 0.386012715712988 0.169542839842567 0.444444444444444 0 0 0 0 0 0 0
-36.0167 -8.3667 0.170753860127157 0.656978504389949 0.172267635482894 0 0 0 0 0 0 0
-36.0167 -8.3667 0.170753860127157 0.656978504389949 0.172267635482894 0 0 0 0 0 0 0
-36.0167 -8.3667 0.170753860127157 0.656978504389949 0.172267635482894 0 0 0 0 0 0 0
-36.0167 -8.3667 0.170753860127157 0.656978504389949 0.172267635482894 0 0 0 0 0 0 0
-36.0167 -8.3667 0.170753860127157 0.656978504389949 0.172267635482894 0 0 0 0 0 0 0
-36.0167 -8.3667 0.170753860127157 0.656978504389949 0.172267635482894 0 0 0 0 0 0 0
-36.0167 -8.3667 0.170753860127157 0.656978504389949 0.172267635482894 0 0 0 0 0 0 0
-36.0167 -8.3667 0.170753860127157 0.656978504389949 0.172267635482894 0 0 0 0 0 0 0
-36.0167 -8.3667 0.170753860127157 0.656978504389949 0.172267635482894 0 0 0 0 0 0 0
-36.4 -8.2 0.171359370269452 0.656372994247654 0.172267635482894 0 0 0 0 0 0 0
-36.4 -8.2 0.171359370269452 0.656372994247654 0.172267635482894 0 0 0 0 0 0 0
-36.4 -8.2 0.171359370269452 0.656372994247654 0.172267635482894 0 0 0 0 0 0 0
-36.4 -8.2 0.171359370269452 0.656372994247654 0.172267635482894 0 0 0 0 0 0 0
-36.4 -8.2 0.171359370269452 0.656372994247654 0.172267635482894 0 0 0 0 0 0 0
-35.8333 -8.7167 0.640629730547987 0.173781410838632 0.185588858613382 0 0 0 0 0 0 0
-35.8333 -8.7167 0.640629730547987 0.173781410838632 0.185588858613382 0 0 0 0 0 0 0
-35.8333 -8.7167 0.640629730547987 0.173781410838632 0.185588858613382 0 0 0 0 0 0 0
-35.8333 -8.7167 0.640629730547987 0.173781410838632 0.185588858613382 0 0 0 0 0 0 0
-35.8333 -8.7167 0.640629730547987 0.173781410838632 0.185588858613382 0 0 0 0 0 0 0
-35.8333 -8.7167 0.640629730547987 0.173781410838632 0.185588858613382 0 0 0 0 0 0 0
-35.8333 -8.7167 0.640629730547987 0.173781410838632 0.185588858613382 0 0 0 0 0 0 0
-35.8333 -8.7167 0.640629730547987 0.173781410838632 0.185588858613382 0 0 0 0 0 0 0
-38.7167 -3.8833 0.188616409324856 0.16924008477142 0.642143505903724 0 0 0 0 0 0 0
-38.7167 -3.8833 0.188616409324856 0.16924008477142 0.642143505903724 0 0 0 0 0 0 0
-38.7167 -3.8833 0.188616409324856 0.16924008477142 0.642143505903724 0 0 0 0 0 0 0
-38.7167 -3.8833 0.188616409324856 0.16924008477142 0.642143505903724 0 0 0 0 0 0 0
-38.7167 -3.8833 0.188616409324856 0.16924008477142 0.642143505903724 0 0 0 0 0 0 0
-38.7167 -3.8833 0.188616409324856 0.16924008477142 0.642143505903724 0 0 0 0 0 0 0
-38.7167 -3.8833 0.188616409324856 0.16924008477142 0.642143505903724 0 0 0 0 0 0 0
-35.1833 -8.0167 0.639721465334544 0.174992431123221 0.185286103542234 0 0 0 0 0 0 0
-35.1833 -8.0167 0.639721465334544 0.174992431123221 0.185286103542234 0 0 0 0 0 0 0
-35.1833 -8.0167 0.639721465334544 0.174992431123221 0.185286103542234 0 0 0 0 0 0 0
-35.1833 -8.0167 0.639721465334544 0.174992431123221 0.185286103542234 0 0 0 0 0 0 0
-35.1833 -8.0167 0.639721465334544 0.174992431123221 0.185286103542234 0 0 0 0 0 0 0
-35.1833 -8.0167 0.639721465334544 0.174992431123221 0.185286103542234 0 0 0 0 0 0 0
-35.1833 -8.0167 0.639721465334544 0.174992431123221 0.185286103542234 0 0 0 0 0 0 0
