0.0805915795111436 0.0534898231604563 0.384550232972535 -999 -999
0.0408151518648853 0.0283576793239129 0.0320601787167416 -999 -999
0.0288899143656857 0.0234284139353969 0.0312572000800106 -999 -999
0.196865405357096 0.174307619137213 0.0383304206645216 -999 -999
0.0641746306953725 0.0299358593958797 0.0293918085227091 -999 -999
0.0635612585428104 0.108333843849727 0.0281426722145168 -999 -999
0.0241456176007787 0.0543688734575956 0.029974432946106 -999 -999
0.0290794532626193 0.0720429582226239 0.0272991984790909 -999 -999
0.0196080442562719 0.0371002909717774 0.0271854214938188 -999 -999
0.0362083505343608 0.0406792748317138 0.0283451482955141 -999 -999
0.0308091521227975 0.0808598084426361 0.0290107331654766 -999 -999
0.0184305628878336 0.0364990618780729 0.0263863052543903 -999 -999
0.0198604312575562 0.0383846788803316 0.0304659047285118 -999 -999
0.0507654734230642 0.0258140221702458 0.0298974490028687 -999 -999
0.0595949507756288 0.0290296233265591 0.0270766219673918 -999 -999
0.0321707375908898 0.0236762066145463 0.0288942272543162 -999 -999
0.0894655829410597 0.0330086013761282 0.028992640338554 -999 -999
0.0295157916622655 0.0227921353248636 0.027516068040789 -999 -999
0.0429616811588673 0.0261700511880149 0.0296565555997894 -999 -999
0.0424862301890135 0.0617211745123055 0.0855667802623474 -999 -999
-999 -999 -999 -999 -999
0.032924122185047 0.0392208206631816 0.0302988651589359 -999 -999
0.0292463645222438 0.0221311782982671 0.0294731369369248 -999 -999
0.0296920084178028 0.0240968700439983 0.0307736074614856 -999 -999
0.0417084492374782 0.0257553741294964 0.353198281319545 -999 -999
0.236163259873263 0.1904731992265 0.0327183540125112 -999 -999
0.02785972614376 0.0238017059264975 0.0314793778621284 -999 -999
0.0293745151095588 0.0737056496071191 0.0265708988664534 -999 -999
0.0230261519076878 0.0539684714586149 0.029846890985075 -999 -999
0.0287340902653438 0.080007294221443 0.0284338096654619 -999 -999
0.019859993008952 0.0366287024340382 0.0288086139788492 -999 -999
0.0314194282106574 0.0821324128207071 0.0269471374622431 -999 -999
0.0219731958712497 0.0368280094553772 0.0260352109954879 -999 -999
0.0214982551635075 0.0355181464337316 0.0268108290298877 -999 -999
0.0295053535536699 0.021398878468701 0.0266701638364476 -999 -999
0.0304838308380473 0.022244276366758 0.028432102465186 -999 -999
0.043435740255643 0.0290592357338482 0.0272194017622007 -999 -999
0.0296502994745233 0.0237624014837578 0.0265516293235913 -999 -999
0.0326125938859056 0.0265989305369801 0.0281591725376197 -999 -999
0.0711894174203629 0.0302043619965964 0.0281039909416857 -999 -999
0.0303278250243693 0.0223064409722858 0.0285597948216106 -999 -999
0.159315379630927 0.1001576397221 0.104908730576669 -999 -999
0.383280785790044 0.420609167935637 0.0434108306047242 -999 -999
0.0449780995114836 0.0722650355223507 0.0436829250154889 -999 -999
0.140021802646521 0.0557435599448069 0.158997143889195 -999 -999
0.0512123028143251 0.0327375567037148 0.0427060495392036 -999 -999
0.0296086244262327 0.0789815116413622 0.0369177221421758 -999 -999
0.0227130920453607 0.0481900031031969 0.0366329597619588 -999 -999
0.0259987347332956 0.0723176866050045 0.038320993678523 -999 -999
0.0356448239697485 0.0290226659074332 0.0361961496013348 -999 -999
0.0186106371024183 0.0256539404031963 0.317934234397441 -999 -999
0.0676973449171091 0.0389441621747778 0.0388123472382884 -999 -999
0.180233752043461 0.12553471005852 0.206388644131666 -999 -999
-999 -999 -999 -999 -999
-999 -999 -999 -999 -999
-999 -999 -999 -999 -999
-999 -999 -999 -999 -999
-999 -999 -999 -999 -999
-999 -999 -999 -999 -999
-999 -999 -999 -999 -999
-999 -999 -999 -999 -999
-999 -999 -999 -999 -999
-999 -999 -999 -999 -999
-999 -999 -999 -999 -999
-999 -999 -999 -999 -999
-999 -999 -999 -999 -999
-999 -999 -999 -999 -999
-999 -999 -999 -999 -999
-999 -999 -999 -999 -999
-999 -999 -999 -999 -999
-999 -999 -999 -999 -999
-999 -999 -999 -999 -999
-999 -999 -999 -999 -999
-999 -999 -999 -999 -999
-999 -999 -999 -999 -999
-999 -999 -999 -999 -999
-999 -999 -999 -999 -999
-999 -999 -999 -999 -999
-999 -999 -999 -999 -999
-999 -999 -999 -999 -999
-999 -999 -999 -999 -999
-999 -999 -999 -999 -999
-999 -999 -999 -999 -999
-999 -999 -999 -999 -999
-999 -999 -999 -999 -999
-999 -999 -999 -999 -999
-999 -999 -999 -999 -999
-999 -999 -999 -999 -999
-999 -999 -999 -999 -999
-999 -999 -999 -999 -999
-999 -999 -999 -999 -999
-999 -999 -999 -999 -999
-999 -999 -999 -999 -999
-999 -999 -999 -999 -999
-999 -999 -999 -999 -999
-999 -999 -999 -999 -999
-999 -999 -999 -999 -999
-999 -999 -999 -999 -999
-999 -999 -999 -999 -999
-999 -999 -999 -999 -999
-999 -999 -999 -999 -999
-999 -999 -999 -999 -999
-999 -999 -999 -999 -999
-999 -999 -999 -999 -999
-999 -999 -999 -999 -999
