29
40
40
30
41
37
35
21
7
11
22
13
25
30
25
13
28
3
8
16
27
20
12
20
12
24
6
17
17
13
10
4
13
36
28
31
8
33
4
14
37
28
8
21
21
28
20
7
27
18
29
22
13
6
15
25
38
11
22
26
17
17
31
18
28
11
17
34
32
28
33
31
38
35
6
20
6
7
18
5
23
11
18
16
16
11
16
26
14
25
18
28
30
12
10
3
6
8
11
19
3
4
25
5
5
11
12
12
19
17
14
5
3
3
32
18
27
28
27
10
15
18
12
19
6
28
13
9
21
21
22
29
38
22
38
34
21
15
30
37
31
54
39
25
23
22
4
11
9
16
22
14
7
12
34
12
31
6
20
30
5
18
22
27
43
16
27
7
15
9
7
16
13
4
9
6
17
12
4
8
7
28
19
39
33
13
21
44
48
25
38
31
35
25
18
4
11
3
9
14
26
6
4
13
21
8
14
11
7
6
14
20
9
27
42
25
27
6
12
7
18
8
13
16
4
4
16
33
31
19
7
20
38
19
31
16
9
17
21
17
39
25
14
46
29
42
26
21
43
18
10
4
3
32
34
15
28
13
7
5
11
8
9
8
10
11
20
22
8
11
30
8
25
13
39
32
15
29
18
34
41
39
9
43
15
13
32
17
17
37
14
15
9
17
9
23
26
12
10
26
27
23
11
6
18
9
7
13
14
27
37
31
22
39
40
21
30
16
13
12
13
33
34
18
21
20
10
27
9
8
4
11
17
36
12
5
22
35
6
20
36
38
7
16
15
35
33
28
5
28
26
27
34
39
51
33
27
16
34
27
15
5
19
17
42
23
44
39
29
4
23
24
7
6
22
27
31
7
36
25
38
37
22
14
34
27
14
21
26
37
17
24
18
21
21
15
7
25
30
11
3
8
23
31
24
12
11
29
36
43
29
4
18
13
6
18
24
8
29
22
52
28
19
24
38
8
15
10
20
15
28
5
14
34
11
5
7
18
12
26
22
34
36
27
34
7
12
30
10
16
21
22
43
13
32
8
20
24
35
17
18
4
49
38
19
16
11
40
16
3
11
16
11
5
27
23
24
13
10
11
16
23
7
12
27
31
24
20
9
13
51
28
20
7
18
4
11
26
21
35
3
5
20
6
5
6
3
13
3
13
25
8
5
3
17
16
3
15
4
8
3
3
11
7
9
10
15
5
3
3
10
7
3
3
3
4
4
3
3
5
3
9
7
3
5
7
10
7
3
8
14
3
13
9
8
3
4
27
35
38
24
23
35
28
37
22
36
21
16
24
7
25
32
16
10
13
14
23
42
39
38
24
19
23
8
8
15
27
25
31
17
19
9
30
27
24
32
35
29
15
26
39
47
39
26
43
48
20
12
29
15
6
10
5
27
31
44
8
37
19
24
42
7
20
11
31
46
25
26
28
19
22
27
22
22
20
10
11
17
5
16
24
30
24
14
19
22
15
16
11
15
33
12
4
11
26
8
24
28
23
18
16
21
23
17
6
29
25
25
18
7
10
17
23
19
24
12
22
4
35
9
11
18
9
44
18
28
29
40
34
22
36
8
16
10
5
15
10
24
9
30
10
10
6
25
22
44
31
22
16
12
18
13
19
9
37
7
9
14
21
25
25
15
29
26
38
30
18
40
30
15
14
21
15
35
36
17
29
10
4
25
11
19
24
16
34
29
47
38
22
14
47
35
30
37
33
20
19
35
16
26
45
50
32
8
36
18
18
14
11
2
9
14
6
4
27
5
30
33
40
27
8
24
30
15
24
6
19
17
24
25
12
17
47
12
15
16
21
35
23
32
17
14
15
4
12
18
24
12
7
6
37
5
10
12
16
23
7
32
16
4
14
16
23
10
5
33
4
33
28
42
38
22
16
12
38
12
4
4
9
13
23
13
16
9
22
11
8
12
3
4
20
5
23
14
4
6
7
5
19
14
14
22
16
5
6
27
14
11
26
11
16
27
22
24
29
15
34
26
27
24
11
16
23
5
17
6
8
33
16
29
21
27
16
9
9
13
9
18
4
9
14
15
11
4
11
6
27
20
35
16
21
29
30
27
31
14
3
24
8
37
36
10
10
34
9
15
20
41
34
28
36
31
15
16
29
23
12
13
26
12
23
17
33
17
10
18
16
3
11
28
12
21
6
14
31
11
17
12
31
19
10
27
21
20
15
7
24
8
6
9
36
20
17
10
12
18
9
14
19
24
21
19
32
20
28
13
24
20
40
39
31
44
35
52
33
9
16
34
60
