-35.3667 -7.6 0.543909348441926 0.215297450424929 0.240793201133144 0 0 0 0 0 0 0
-35.3667 -7.6 0.543909348441926 0.215297450424929 0.240793201133144 0 0 0 0 0 0 0
-35.3667 -7.6 0.543909348441926 0.215297450424929 0.240793201133144 0 0 0 0 0 0 0
-35.3667 -7.6 0.543909348441926 0.215297450424929 0.240793201133144 0 0 0 0 0 0 0
-35.3667 -7.6 0.543909348441926 0.215297450424929 0.240793201133144 0 0 0 0 0 0 0
-35.3667 -7.6 0.543909348441926 0.215297450424929 0.240793201133144 0 0 0 0 0 0 0
-36.0167 -8.3667 0.26628895184136 0.175637393767705 0.558073654390935 0 0 0 0 0 0 0
-36.0167 -8.3667 0.26628895184136 0.175637393767705 0.558073654390935 0 0 0 0 0 0 0
-36.0167 -8.3667 0.26628895184136 0.175637393767705 0.558073654390935 0 0 0 0 0 0 0
-36.0167 -8.3667 0.26628895184136 0.175637393767705 0.558073654390935 0 0 0 0 0 0 0
-36.0167 -8.3667 0.26628895184136 0.175637393767705 0.558073654390935 0 0 0 0 0 0 0
-36.0167 -8.3667 0.26628895184136 0.175637393767705 0.558073654390935 0 0 0 0 0 0 0
-36.0167 -8.3667 0.26628895184136 0.175637393767705 0.558073654390935 0 0 0 0 0 0 0
-36.0167 -8.3667 0.26628895184136 0.175637393767705 0.558073654390935 0 0 0 0 0 0 0
-36.0167 -8.3667 0.26628895184136 0.175637393767705 0.558073654390935 0 0 0 0 0 0 0
-36.4 -8.2 0.263456090651558 0.175637393767705 0.560906515580737 0 0 0 0 0 0 0
-36.4 -8.2 0.263456090651558 0.175637393767705 0.560906515580737 0 0 0 0 0 0 0
-36.4 -8.2 0.263456090651558 0.175637393767705 0.560906515580737 0 0 0 0 0 0 0
-36.4 -8.2 0.263456090651558 0.175637393767705 0.560906515580737 0 0 0 0 0 0 0
-36.4 -8.2 0.263456090651558 0.175637393767705 0.560906515580737 0 0 0 0 0 0 0
-35.8333 -8.7167 0.580736543909348 0.152974504249292 0.26628895184136 0 0 0 0 0 0 0
-35.8333 -8.7167 0.580736543909348 0.152974504249292 0.26628895184136 0 0 0 0 0 0 0
-35.8333 -8.7167 0.580736543909348 0.152974504249292 0.26628895184136 0 0 0 0 0 0 0
-35.8333 -8.7167 0.580736543909348 0.152974504249292 0.26628895184136 0 0 0 0 0 0 0
-35.8333 -8.7167 0.580736543909348 0.152974504249292 0.26628895184136 0 0 0 0 0 0 0
-35.8333 -8.7167 0.580736543909348 0.152974504249292 0.26628895184136 0 0 0 0 0 0 0
-35.8333 -8.7167 0.580736543909348 0.152974504249292 0.26628895184136 0 0 0 0 0 0 0
-35.8333 -8.7167 0.580736543909348 0.152974504249292 0.26628895184136 0 0 0 0 0 0 0
-38.7167 -3.8833 0.169971671388102 0.671388101983003 0.158640226628895 0 0 0 0 0 0 0
-38.7167 -3.8833 0.169971671388102 0.671388101983003 0.158640226628895 0 0 0 0 0 0 0
-38.7167 -3.8833 0.169971671388102 0.671388101983003 0.158640226628895 0 0 0 0 0 0 0
-38.7167 -3.8833 0.169971671388102 0.671388101983003 0.158640226628895 0 0 0 0 0 0 0
-38.7167 -3.8833 0.169971671388102 0.671388101983003 0.158640226628895 0 0 0 0 0 0 0
-38.7167 -3.8833 0.169971671388102 0.671388101983003 0.158640226628895 0 0 0 0 0 0 0
-38.7167 -3.8833 0.169971671388102 0.671388101983003 0.158640226628895 0 0 0 0 0 0 0
-35.1833 -8.0167 0.577903682719547 0.152974504249292 0.269121813031161 0 0 0 0 0 0 0
-35.1833 -8.0167 0.577903682719547 0.152974504249292 0.269121813031161 0 0 0 0 0 0 0
-35.1833 -8.0167 0.577903682719547 0.152974504249292 0.269121813031161 0 0 0 0 0 0 0
-35.1833 -8.0167 0.577903682719547 0.152974504249292 0.269121813031161 0 0 0 0 0 0 0
-35.1833 -8.0167 0.577903682719547 0.152974504249292 0.269121813031161 0 0 0 0 0 0 0
-35.1833 -8.0167 0.577903682719547 0.152974504249292 0.269121813031161 0 0 0 0 0 0 0
-35.1833 -8.0167 0.577903682719547 0.152974504249292 0.269121813031161 0 0 0 0 0 0 0
