0.0409735500863185 0.0604711811032627 0.386403904930485 -999 -999
0.0219832183602695 0.0286784423637653 0.0507037952784936 -999 -999
0.0202580309540749 0.0257289592936245 0.0368813167896597 -999 -999
0.172391537549557 0.184293984044903 0.0783395315458532 -999 -999
0.020664719975173 0.0713707356693331 0.0378613333585198 -999 -999
0.129502162445232 0.0577246520512694 0.0248436154420666 -999 -999
0.0645044766253114 0.018125719112125 0.0244967800602803 -999 -999
0.0800467996137876 0.0190232939560369 0.023582225060686 -999 -999
0.0391464582541443 0.0193414227171134 0.0248420345496928 -999 -999
0.0414008676008909 0.0377857042561997 0.0244966449407584 -999 -999
0.0924350766051609 0.0187542270763286 0.0262921519691659 -999 -999
0.0416893129235039 0.0181716788203347 0.0231509500978377 -999 -999
0.0408716202058254 0.0192988117273767 0.0265423102532878 -999 -999
0.0208297213579041 0.0653762108742149 0.024138720383557 -999 -999
0.0210839024471039 0.0732761193343971 0.0219628586325633 -999 -999
0.0219175194847807 0.0377148851724829 0.0261179076831465 -999 -999
0.0216662460480108 0.109386740053005 0.022868162045285 -999 -999
0.019911016557297 0.0389013642159255 0.0258416524445063 -999 -999
0.0216276376923702 0.0555013355524508 0.0258195789812422 -999 -999
0.067096125213284 0.0410745326058512 0.064814525552913 -999 -999
-999 -999 -999 -999 -999
-999 -999 -999 -999 -999
-999 -999 -999 -999 -999
0.0419205931858103 0.0239939804659163 0.0384076252446343 -999 -999
0.0204078534978639 0.0264183858362435 0.041205785162997 -999 -999
0.0200079887665046 0.0240354832873854 0.040581989379655 -999 -999
0.0209510055775673 0.0429521060867513 0.294876531141211 -999 -999
0.182694980564046 0.253074917656749 0.0557029597164453 -999 -999
0.0242085243876945 0.0239471969195733 0.0345059751835012 -999 -999
0.0874144219391558 0.0190699345037933 0.0233141232993805 -999 -999
0.059577117422786 0.0182742621922007 0.0245734476197732 -999 -999
0.0929513709355059 0.0180098573647374 0.0238013945168997 -999 -999
0.0413103129562072 0.019172842872592 0.0248958965615646 -999 -999
0.0957063396744831 0.0187209932389081 0.0271749261631937 -999 -999
0.0409988403363765 0.0175890234388955 0.0238682373422694 -999 -999
0.0392029012238923 0.0167459641932567 0.0251884618237405 -999 -999
0.021466437612198 0.036769734097986 0.0222744038146632 -999 -999
0.0193370859153707 0.0415771734543118 0.0208834980067144 -999 -999
0.0212803463024562 0.0539427893240466 0.0217598271484167 -999 -999
0.0183947921457223 0.0394202711653003 0.0237054811420608 -999 -999
0.0214150702759546 0.0389624214996509 0.0237542890572735 -999 -999
0.0208050997680431 0.0946125291798683 0.0238260072426945 -999 -999
0.0187274762600508 0.0347606516532286 0.0234593510452887 -999 -999
0.0912214412523106 0.137949481568605 0.162239789387624 -999 -999
-999 -999 -999 -999 -999
-999 -999 -999 -999 -999
0.471973930219029 0.360588811793139 0.0724883764830594 -999 -999
0.077975446055085 0.0288540041447854 0.0490653188181982 -999 -999
0.026271194428851 0.145682678719791 0.177397672374413 -999 -999
0.0286986572182948 0.0573647006803781 0.0480961797283919 -999 -999
0.0893317366390615 0.0228625786439452 0.0306916050034919 -999 -999
0.0538260048157304 0.0212642492205125 0.0311305533454996 -999 -999
0.0737112092544721 0.0236943309579858 0.0310914736965382 -999 -999
0.02514257798306 0.0441133252706468 0.0306002454113135 -999 -999
0.0235999228652931 0.0214982930878045 0.247604144252997 -999 -999
0.0252468796393941 0.0944326987683034 0.0328017491439219 -999 -999
0.104222440881728 0.179644328712708 0.249032681742175 -999 -999
-999 -999 -999 -999 -999
-999 -999 -999 -999 -999
-999 -999 -999 -999 -999
-999 -999 -999 -999 -999
-999 -999 -999 -999 -999
-999 -999 -999 -999 -999
-999 -999 -999 -999 -999
-999 -999 -999 -999 -999
-999 -999 -999 -999 -999
-999 -999 -999 -999 -999
-999 -999 -999 -999 -999
-999 -999 -999 -999 -999
0.164599866658809 0.023922479872162 0.0290148204740805 -999 -999
0.159635661868591 0.0246843567148466 0.0309476094671464 -999 -999
0.0827578759124238 0.0276660971955786 0.0298207156941289 -999 -999
0.0267897011046146 0.0257341515560655 0.0609958330595849 -999 -999
0.0269396947439082 0.0501938734703391 0.0310069491092397 -999 -999
0.0317262532275523 0.103046073576215 0.029553647047908 -999 -999
0.0565569338948239 0.0228502161079381 0.0286020843911712 -999 -999
0.025837814602091 0.0282049992940661 0.168217485241041 -999 -999
0.0280819747028639 0.0502634403785699 0.0317573465509028 -999 -999
0.0263871064768283 0.0768008155043731 0.0304972624652988 -999 -999
0.0272012436343007 0.042341164586716 0.0647234187356593 -999 -999
0.0276709773742918 0.0481070026283634 0.0321130307301244 -999 -999
0.0258873973694559 0.0530447373449653 0.0288802416900186 -999 -999
0.0256800700433691 0.030380349585631 0.0508246220402723 -999 -999
0.0569584284979803 0.0226590586707193 0.0284178031253284 -999 -999
0.0254770359687431 0.0477341670038854 0.0287791697612747 -999 -999
0.0255563106666647 0.0492766035381259 0.0282049617474485 -999 -999
0.0282977991570054 0.0414288302310654 0.0677344986719998 -999 -999
0.0283710533941987 0.0752056072791356 0.0296009861482251 -999 -999
0.0263481010377965 0.0482738064649843 0.0296741156628114 -999 -999
0.0242759760799766 0.0516525872351837 0.0312843571779957 -999 -999
0.0241791175830318 0.0304300059795654 0.0483715402867491 -999 -999
0.024783606000679 0.026099575781505 0.0609775007215907 -999 -999
0.111814331947737 0.0229459531128441 0.0298953893588793 -999 -999
0.0262365870084989 0.0527191279879522 0.0324668286528518 -999 -999
0.0299472374290998 0.0276781862940285 0.0924165896879195 -999 -999
0.194533065821361 0.0257717970921143 0.0294087683490864 -999 -999
0.0291801079670771 0.130912249549733 0.0341614503434736 -999 -999
0.0269806972586705 0.0261007529101007 0.181023543242442 -999 -999
0.0580726913263593 0.0249562946556008 0.0284274287398759 -999 -999
0.0274669844487817 0.0517549941753927 0.0292600333334579 -999 -999
0.0265211754257859 0.129392284032295 0.0335900951683851 -999 -999
0.0253710607624879 0.0730036922524948 0.029767203592002 -999 -999
0.0799787931291484 0.0247684049414999 0.0289625379521317 -999 -999
0.0282034393835849 0.0498566485010651 0.0303308593788783 -999 -999
0.0289021921002178 0.0357862267059274 0.054527050559265 -999 -999
0.0552464499378164 0.0257550440498224 0.0299039530721572 -999 -999
0.0295239667584924 0.0315209896008275 0.0445126799034692 -999 -999
0.0301986797289001 0.0347879961827378 0.0511738947751281 -999 -999
0.0279601694386385 0.0340113963635704 0.0515305007772891 -999 -999
0.0266601883919625 0.0513853024073485 0.0288040197094321 -999 -999
0.0302841074069913 0.0516619530978506 0.0298441251848157 -999 -999
0.0255692741587808 0.0342004508934952 0.0514299361857291 -999 -999
0.0289125604814265 0.0339827318966045 0.0453736290844463 -999 -999
0.0524362396881811 0.0270475232966945 0.0331894829488846 -999 -999
-999 -999 -999 -999 -999
-999 -999 -999 -999 -999
-999 -999 -999 -999 -999
-999 -999 -999 -999 -999
-999 -999 -999 -999 -999
-999 -999 -999 -999 -999
-999 -999 -999 -999 -999
-999 -999 -999 -999 -999
-999 -999 -999 -999 -999
-999 -999 -999 -999 -999
-999 -999 -999 -999 -999
-999 -999 -999 -999 -999
-999 -999 -999 -999 -999
-999 -999 -999 -999 -999
-999 -999 -999 -999 -999
-999 -999 -999 -999 -999
-999 -999 -999 -999 -999
-999 -999 -999 -999 -999
-999 -999 -999 -999 -999
-999 -999 -999 -999 -999
-999 -999 -999 -999 -999
-999 -999 -999 -999 -999
-999 -999 -999 -999 -999
-999 -999 -999 -999 -999
