22
21
15
14
31
19
43
23
19
11
23
6
25
48
10
30
19
16
32
15
42
17
15
23
20
6
43
38
36
22
12
23
28
18
14
43
14
31
14
9
32
38
27
46
44
21
27
24
27
44
29
18
21
22
10
8
38
40
36
38
25
41
7
39
23
16
37
34
23
18
33
17
34
37
36
5
38
16
15
42
51
27
29
26
33
11
20
6
18
21
35
37
33
28
4
24
49
35
31
12
17
37
32
39
14
14
35
23
23
31
37
27
25
26
22
34
25
9
27
45
42
15
15
19
41
27
12
26
23
32
23
17
21
3
24
11
24
18
21
22
18
30
38
24
18
11
25
13
37
36
33
10
10
12
35
28
18
42
27
23
46
50
52
51
34
31
13
5
13
18
20
43
32
23
34
41
12
31
21
42
15
10
7
27
36
29
11
37
39
35
32
19
11
38
31
41
9
27
17
29
30
40
31
40
35
17
19
27
34
43
29
39
8
17
39
41
36
13
45
27
34
35
20
12
9
25
15
40
37
21
33
22
37
36
32
23
6
29
25
21
40
44
35
52
20
12
23
25
32
25
34
20
24
28
9
32
31
13
28
31
3
18
51
33
26
36
12
24
36
20
45
44
12
17
21
18
16
37
29
28
35
41
20
17
22
20
19
16
15
35
22
18
19
42
25
24
8
23
39
9
29
38
33
6
43
23
49
38
46
30
27
29
40
26
29
33
8
10
10
7
14
9
35
33
24
22
48
21
22
22
35
24
25
17
23
18
40
25
33
36
17
21
38
28
9
40
19
27
4
15
31
10
26
36
23
29
34
6
14
26
19
35
23
20
35
10
24
8
23
11
18
5
23
33
25
26
28
5
13
37
39
25
27
8
21
44
36
21
41
16
20
44
14
16
26
11
40
14
32
36
47
4
31
15
48
14
18
17
38
28
14
17
17
17
11
22
5
9
25
23
14
5
36
38
17
30
17
23
21
28
25
32
33
42
35
24
4
48
16
24
36
35
11
14
36
35
28
11
8
11
31
39
33
18
19
6
30
30
13
17
25
46
27
29
25
8
8
29
29
33
37
30
28
21
4
18
12
47
14
26
24
25
35
13
36
21
9
26
35
21
27
25
27
48
25
37
17
16
19
17
38
24
33
32
37
31
16
20
26
35
41
7
16
6
23
20
10
4
13
20
10
24
15
34
27
39
10
15
8
33
9
15
32
32
25
13
26
37
33
15
15
19
41
11
40
13
9
13
45
20
18
21
34
9
31
34
25
30
12
8
12
28
36
18
6
40
22
20
8
23
25
17
15
33
37
23
37
17
31
4
39
15
38
31
7
17
34
28
36
23
41
26
13
11
27
15
24
20
31
39
34
5
11
20
18
18
27
30
28
8
15
29
14
32
23
47
38
14
3
20
15
17
23
35
21
33
24
28
9
17
19
6
33
43
26
19
41
44
18
28
46
32
25
41
34
17
21
38
11
21
12
34
38
17
22
27
6
28
26
8
20
28
26
23
24
20
29
28
29
29
37
42
14
36
24
11
20
39
21
28
34
8
28
25
11
34
35
8
19
18
24
12
25
34
30
30
26
7
20
24
18
18
38
29
34
25
19
21
35
25
8
13
36
41
23
32
35
20
14
17
33
20
14
41
25
24
13
27
42
33
27
53
49
31
16
31
25
37
9
7
32
31
7
9
31
11
32
24
8
30
12
23
38
33
32
27
37
22
27
49
39
34
15
22
21
16
6
16
6
18
27
33
25
41
39
8
27
30
21
38
45
15
37
32
32
22
22
28
6
32
24
20
44
43
31
29
31
33
10
35
34
7
37
19
15
30
41
39
24
34
21
41
29
30
39
42
19
3
15
12
41
17
22
34
8
23
22
30
27
23
32
35
32
24
20
29
44
42
30
17
9
25
24
48
33
9
33
24
16
44
41
11
9
17
11
26
13
37
30
34
24
31
14
5
17
12
10
33
27
21
36
12
27
10
29
12
18
32
26
42
31
34
13
18
14
28
29
30
18
15
27
22
6
38
10
44
15
21
21
27
29
9
46
13
20
19
28
40
27
9
27
41
4
5
24
14
13
34
8
17
25
32
24
29
15
39
19
30
35
27
13
25
38
19
40
18
25
29
39
3
32
32
25
10
18
19
16
25
24
31
33
17
22
28
7
40
34
12
32
20
8
13
34
30
18
3
16
25
29
41
13
13
15
23
46
15
28
31
27
16
41
39
20
29
34
32
32
5
14
40
13
52
37
38
21
30
36
42
28
16
