-35.3667 -7.6 0.26625386996904 0.269349845201238 0.232198142414861 0.232198142414861 0
-35.3667 -7.6 0.26625386996904 0.269349845201238 0.232198142414861 0.232198142414861 0
-35.3667 -7.6 0.26625386996904 0.269349845201238 0.232198142414861 0.232198142414861 0
-35.3667 -7.6 0.26625386996904 0.269349845201238 0.232198142414861 0.232198142414861 0
-35.3667 -7.6 0.26625386996904 0.269349845201238 0.232198142414861 0.232198142414861 0
-35.3667 -7.6 0.26625386996904 0.269349845201238 0.232198142414861 0.232198142414861 0
-36.0167 -8.3667 0.25077399380805 0.284829721362229 0.244582043343653 0.219814241486068 0
-36.0167 -8.3667 0.25077399380805 0.284829721362229 0.244582043343653 0.219814241486068 0
-36.0167 -8.3667 0.25077399380805 0.284829721362229 0.244582043343653 0.219814241486068 0
-36.0167 -8.3667 0.25077399380805 0.284829721362229 0.244582043343653 0.219814241486068 0
-36.0167 -8.3667 0.25077399380805 0.284829721362229 0.244582043343653 0.219814241486068 0
-36.0167 -8.3667 0.25077399380805 0.284829721362229 0.244582043343653 0.219814241486068 0
-36.0167 -8.3667 0.25077399380805 0.284829721362229 0.244582043343653 0.219814241486068 0
-36.0167 -8.3667 0.25077399380805 0.284829721362229 0.244582043343653 0.219814241486068 0
-36.0167 -8.3667 0.25077399380805 0.284829721362229 0.244582043343653 0.219814241486068 0
-36.4 -8.2 0.253869969040248 0.291021671826625 0.241486068111455 0.213622291021672 0
-36.4 -8.2 0.253869969040248 0.291021671826625 0.241486068111455 0.213622291021672 0
-36.4 -8.2 0.253869969040248 0.291021671826625 0.241486068111455 0.213622291021672 0
-36.4 -8.2 0.253869969040248 0.291021671826625 0.241486068111455 0.213622291021672 0
-36.4 -8.2 0.253869969040248 0.291021671826625 0.241486068111455 0.213622291021672 0
-35.8333 -8.7167 0.287925696594427 0.207430340557276 0.222910216718266 0.281733746130031 0
-35.8333 -8.7167 0.287925696594427 0.207430340557276 0.222910216718266 0.281733746130031 0
-35.8333 -8.7167 0.287925696594427 0.207430340557276 0.222910216718266 0.281733746130031 0
-35.8333 -8.7167 0.287925696594427 0.207430340557276 0.222910216718266 0.281733746130031 0
-35.8333 -8.7167 0.287925696594427 0.207430340557276 0.222910216718266 0.281733746130031 0
-35.8333 -8.7167 0.287925696594427 0.207430340557276 0.222910216718266 0.281733746130031 0
-35.8333 -8.7167 0.287925696594427 0.207430340557276 0.222910216718266 0.281733746130031 0
-35.8333 -8.7167 0.287925696594427 0.207430340557276 0.222910216718266 0.281733746130031 0
-38.7167 -3.8833 0.253869969040248 0.275541795665635 0.272445820433437 0.198142414860681 0
-38.7167 -3.8833 0.253869969040248 0.275541795665635 0.272445820433437 0.198142414860681 0
-38.7167 -3.8833 0.253869969040248 0.275541795665635 0.272445820433437 0.198142414860681 0
-38.7167 -3.8833 0.253869969040248 0.275541795665635 0.272445820433437 0.198142414860681 0
-38.7167 -3.8833 0.253869969040248 0.275541795665635 0.272445820433437 0.198142414860681 0
-38.7167 -3.8833 0.253869969040248 0.275541795665635 0.272445820433437 0.198142414860681 0
-38.7167 -3.8833 0.253869969040248 0.275541795665635 0.272445820433437 0.198142414860681 0
-35.1833 -8.0167 0.30030959752322 0.210526315789474 0.226006191950464 0.263157894736842 0
-35.1833 -8.0167 0.30030959752322 0.210526315789474 0.226006191950464 0.263157894736842 0
-35.1833 -8.0167 0.30030959752322 0.210526315789474 0.226006191950464 0.263157894736842 0
-35.1833 -8.0167 0.30030959752322 0.210526315789474 0.226006191950464 0.263157894736842 0
-35.1833 -8.0167 0.30030959752322 0.210526315789474 0.226006191950464 0.263157894736842 0
-35.1833 -8.0167 0.30030959752322 0.210526315789474 0.226006191950464 0.263157894736842 0
-35.1833 -8.0167 0.30030959752322 0.210526315789474 0.226006191950464 0.263157894736842 0
