-35.3629886012578 -7.60144721604884
-35.3650990937541 -7.59595422873739
-35.3702756067815 -7.60450515030185
-35.366934950243 -7.59590808847221
-35.3648466621044 -7.60083515099948
-35.3714191351745 -7.59631315232487
-36.0149453366928 -8.36463601341546
-36.0169537594899 -8.36466357761603
-36.0167906088273 -8.36940556233125
-36.0203285917298 -8.36920366573455
-36.0171991174047 -8.36965672628796
-36.0214116103931 -8.3641173230934
-36.0165256812151 -8.36654368407167
-36.0215993484117 -8.36588478727806
-36.0159236065562 -8.36255074599134
-36.399171940193 -8.202168005493
-36.4010351008037 -8.19994180157548
-36.4007481190981 -8.19695302420529
-36.4016914044553 -8.19821518385783
-36.3974522678042 -8.19587748422753
-35.8335081021783 -8.71932080657296
-35.8297880927699 -8.71473960511228
-35.8312284241167 -8.71194931238731
-35.8332444236304 -8.71448036559233
-35.8309826827275 -8.71562292408738
-35.8361147890861 -8.71742105213767
-35.8349210204619 -8.71425079053808
-35.8292225258068 -8.71204885962494
-38.712050719206 -3.88441142928014
-38.7171969767691 -3.88551206599381
-38.7212184443495 -3.8835288832143
-38.7138845191577 -3.8785234455361
-38.7142293778908 -3.88283508458799
-38.7173182169286 -3.88614587446135
-38.7181950448601 -3.88644395445632
-35.1839834863662 -8.01277635080814
-35.1816809781447 -8.018519175852
-35.1836203495895 -8.0204000334519
-35.1796029027288 -8.01363604446948
-35.1863812216597 -8.01922512328327
-35.1850170619755 -8.02104178103693
-35.1788974918697 -8.01935635621734
-999 -999
-999 -999
-999 -999
-999 -999
-999 -999
-999 -999
-999 -999
-999 -999
-999 -999
-999 -999
-999 -999
-999 -999
-999 -999
-999 -999
-999 -999
-999 -999
-999 -999
-999 -999
-999 -999
-999 -999
-999 -999
-999 -999
-999 -999
-999 -999
-999 -999
-999 -999
-999 -999
-999 -999
-999 -999
-999 -999
-999 -999
-999 -999
-999 -999
-999 -999
-999 -999
-999 -999
-999 -999
-999 -999
-999 -999
-999 -999
-999 -999
-999 -999
-999 -999
-999 -999
-999 -999
-999 -999
-999 -999
-999 -999
-999 -999
-999 -999
-999 -999
-999 -999
-999 -999
-999 -999
-999 -999
-999 -999
-999 -999
-999 -999
-999 -999
-999 -999
-999 -999
-999 -999
-999 -999
-999 -999
-999 -999
-999 -999
-999 -999
-999 -999
-999 -999
-999 -999
-999 -999
-999 -999
-999 -999
-999 -999
-999 -999
-999 -999
-999 -999
-999 -999
-999 -999
-999 -999
-999 -999
-999 -999
-999 -999
-999 -999
