0.0597430868314152 0.0412623268107932 0.380928129958663 -999 -999 -999 -999 -999 -999 -999
0.0315599322448445 0.0209295306372473 0.0513954344965853 -999 -999 -999 -999 -999 -999 -999
0.0240383007026188 0.0205780699199914 0.0387865788850343 -999 -999 -999 -999 -999 -999 -999
0.186437892685281 0.16886990153945 0.0789477821583357 -999 -999 -999 -999 -999 -999 -999
0.0705494752934238 0.0210657886519645 0.0376949544662299 -999 -999 -999 -999 -999 -999 -999
0.0550268170866492 0.12598605188489 0.024910408635931 -999 -999 -999 -999 -999 -999 -999
0.0188478577711258 0.0622426212031529 0.02480517168135 -999 -999 -999 -999 -999 -999 -999
0.0187540447345047 0.0855265123584727 0.0245631028750079 -999 -999 -999 -999 -999 -999 -999
0.0184282978634206 0.0418126503239762 0.0239731399405207 -999 -999 -999 -999 -999 -999 -999
0.0377656531322023 0.0408840657989737 0.0242036752079699 -999 -999 -999 -999 -999 -999 -999
0.0182327115655788 0.092550236766957 0.0246395471192737 -999 -999 -999 -999 -999 -999 -999
0.0185773724609591 0.0413290939916529 0.0252504525707808 -999 -999 -999 -999 -999 -999 -999
0.0190151641416582 0.0413967459220688 0.0247113720237781 -999 -999 -999 -999 -999 -999 -999
0.0640556400055631 0.0213922549018252 0.0252479434183466 -999 -999 -999 -999 -999 -999 -999
0.0742967265269406 0.0209196943465254 0.0251130790966325 -999 -999 -999 -999 -999 -999 -999
0.0375936969981973 0.0197826267192101 0.0249550044369292 -999 -999 -999 -999 -999 -999 -999
0.111235912772881 0.0212822127352811 0.0235364854446402 -999 -999 -999 -999 -999 -999 -999
0.0369650088293297 0.0208872947940076 0.0246872826108542 -999 -999 -999 -999 -999 -999 -999
0.0559193578086688 0.0209445227907906 0.024666162908519 -999 -999 -999 -999 -999 -999 -999
0.0429570505447371 0.0703577979027694 0.0669842920646173 -999 -999 -999 -999 -999 -999 -999
-999 -999 -999 -999 -999 -999 -999 -999 -999 -999
-999 -999 -999 -999 -999 -999 -999 -999 -999 -999
-999 -999 -999 -999 -999 -999 -999 -999 -999 -999
0.024531901381895 0.0411629298262523 0.0382946880273729 -999 -999 -999 -999 -999 -999 -999
0.0249266549879254 0.020994208790584 0.0399766706320996 -999 -999 -999 -999 -999 -999 -999
0.0251547476049145 0.0206491366375337 0.038613411256283 -999 -999 -999 -999 -999 -999 -999
0.0428080217088078 0.0200187739788356 0.303091485929994 -999 -999 -999 -999 -999 -999 -999
0.252100895722101 0.182936166602683 0.0513933228894826 -999 -999 -999 -999 -999 -999 -999
0.0244655106362578 0.0210333775830975 0.0362506003505152 -999 -999 -999 -999 -999 -999 -999
0.0181341047108083 0.0888288256691841 0.0234212212575884 -999 -999 -999 -999 -999 -999 -999
0.0186689358231051 0.0619646684895772 0.0235543851710781 -999 -999 -999 -999 -999 -999 -999
0.0186499611860674 0.0893047188191648 0.0239187480152938 -999 -999 -999 -999 -999 -999 -999
0.0184626422092165 0.0405904172484869 0.0243311430572935 -999 -999 -999 -999 -999 -999 -999
0.0181170954015393 0.0979012902793291 0.0237494959161226 -999 -999 -999 -999 -999 -999 -999
0.0182564756591317 0.0407643951622488 0.0247788107856735 -999 -999 -999 -999 -999 -999 -999
0.0184037285456975 0.0397626483887702 0.023343843555316 -999 -999 -999 -999 -999 -999 -999
0.0364726589717879 0.0203455353556397 0.0241275865619672 -999 -999 -999 -999 -999 -999 -999
0.0386737691539334 0.020481497131248 0.0238629329889243 -999 -999 -999 -999 -999 -999 -999
0.0553849552778927 0.0205820926607703 0.0242987630268678 -999 -999 -999 -999 -999 -999 -999
0.0383241531182476 0.020502370310476 0.0244186229935537 -999 -999 -999 -999 -999 -999 -999
0.0389080199012455 0.0201913936509214 0.0246144400270714 -999 -999 -999 -999 -999 -999 -999
0.0957695957896636 0.0207657209070375 0.0244242808149985 -999 -999 -999 -999 -999 -999 -999
0.036613620211599 0.0206468310319218 0.0235248260609549 -999 -999 -999 -999 -999 -999 -999
0.137172551998162 0.0905730014762378 0.156010720681549 -999 -999 -999 -999 -999 -999 -999
-999 -999 -999 -999 -999 -999 -999 -999 -999 -999
-999 -999 -999 -999 -999 -999 -999 -999 -999 -999
0.353602024316922 0.484159621869305 0.067214087461463 -999 -999 -999 -999 -999 -999 -999
0.0287555487376712 0.0771195863366102 0.0515700923671601 -999 -999 -999 -999 -999 -999 -999
0.153728582265597 0.0250991540207516 0.171282797905201 -999 -999 -999 -999 -999 -999 -999
0.0558567103287015 0.0255748121261435 0.0520797331270142 -999 -999 -999 -999 -999 -999 -999
0.0215343952915506 0.0864751032152282 0.0314999033850342 -999 -999 -999 -999 -999 -999 -999
0.0225985520671173 0.0519791168106265 0.0318881381854568 -999 -999 -999 -999 -999 -999 -999
0.0223140368544483 0.0765280765099046 0.0314394243803065 -999 -999 -999 -999 -999 -999 -999
0.0449098349166927 0.0253526409838853 0.0323889811914161 -999 -999 -999 -999 -999 -999 -999
0.0227152951089221 0.0256181852595046 0.250761941191638 -999 -999 -999 -999 -999 -999 -999
0.0934822208857395 0.0258570337690382 0.0314223680990633 -999 -999 -999 -999 -999 -999 -999
0.180502799226638 0.0962366690990044 0.248452532706246 -999 -999 -999 -999 -999 -999 -999
-999 -999 -999 -999 -999 -999 -999 -999 -999 -999
-999 -999 -999 -999 -999 -999 -999 -999 -999 -999
-999 -999 -999 -999 -999 -999 -999 -999 -999 -999
-999 -999 -999 -999 -999 -999 -999 -999 -999 -999
-999 -999 -999 -999 -999 -999 -999 -999 -999 -999
-999 -999 -999 -999 -999 -999 -999 -999 -999 -999
-999 -999 -999 -999 -999 -999 -999 -999 -999 -999
-999 -999 -999 -999 -999 -999 -999 -999 -999 -999
-999 -999 -999 -999 -999 -999 -999 -999 -999 -999
-999 -999 -999 -999 -999 -999 -999 -999 -999 -999
-999 -999 -999 -999 -999 -999 -999 -999 -999 -999
-999 -999 -999 -999 -999 -999 -999 -999 -999 -999
0.0249602536983026 0.16248261730752 0.0294178904317257 -999 -999 -999 -999 -999 -999 -999
0.0245001668597728 0.160731002687934 0.0301633633299636 -999 -999 -999 -999 -999 -999 -999
0.0250663093686565 0.0819565193577747 0.0294110716540566 -999 -999 -999 -999 -999 -999 -999
0.0254499686970803 0.0275618106063762 0.058820648251836 -999 -999 -999 -999 -999 -999 -999
0.0499079283123981 0.0263930597773779 0.0291424465709828 -999 -999 -999 -999 -999 -999 -999
0.09885018759029 0.0275262698920108 0.029610031304051 -999 -999 -999 -999 -999 -999 -999
0.0247805879737765 0.0538719279447218 0.0298882509237088 -999 -999 -999 -999 -999 -999 -999
0.0246772021161555 0.0271201740332912 0.182538887350946 -999 -999 -999 -999 -999 -999 -999
0.0498520388585993 0.0271398183175052 0.0302126942868622 -999 -999 -999 -999 -999 -999 -999
0.0742545055651617 0.027275637242062 0.0302955579939902 -999 -999 -999 -999 -999 -999 -999
0.040914580497203 0.0273232522158893 0.0654291808465812 -999 -999 -999 -999 -999 -999 -999
0.0507306443184494 0.0270188842260475 0.0301297484811612 -999 -999 -999 -999 -999 -999 -999
0.0506329021023456 0.0268052122184405 0.0291361777847445 -999 -999 -999 -999 -999 -999 -999
0.0346821681008584 0.0261065523227818 0.0475083087256357 -999 -999 -999 -999 -999 -999 -999
0.0247587982823314 0.054427696121871 0.0293219261618848 -999 -999 -999 -999 -999 -999 -999
0.0491152947047635 0.0273893742563358 0.0292658721951524 -999 -999 -999 -999 -999 -999 -999
0.0495195808333914 0.0270452274190874 0.0296383200545451 -999 -999 -999 -999 -999 -999 -999
0.0427117913700386 0.0265751859809982 0.0636241923932896 -999 -999 -999 -999 -999 -999 -999
0.0762467011222236 0.0271191464410681 0.0301594424435019 -999 -999 -999 -999 -999 -999 -999
0.049780353160213 0.0276004847015722 0.0296358473733706 -999 -999 -999 -999 -999 -999 -999
0.0501951282618845 0.0267915107392949 0.0300890452285921 -999 -999 -999 -999 -999 -999 -999
0.0335189077854812 0.0273038322009419 0.0480790716250357 -999 -999 -999 -999 -999 -999 -999
0.0248940004206228 0.0264348039890983 0.0584820245883817 -999 -999 -999 -999 -999 -999 -999
0.0250456477317389 0.111573230751629 0.0319671124347305 -999 -999 -999 -999 -999 -999 -999
0.0515433110213903 0.027341696042918 0.0310446896524361 -999 -999 -999 -999 -999 -999 -999
0.0252241968508681 0.027216300890494 0.0899019838736626 -999 -999 -999 -999 -999 -999 -999
0.0269462118781212 0.19229213896665 0.0302413568533504 -999 -999 -999 -999 -999 -999 -999
0.128392105850284 0.0282632195061129 0.0309619868413793 -999 -999 -999 -999 -999 -999 -999
0.0256043232112945 0.0272063522428888 0.184822136828675 -999 -999 -999 -999 -999 -999 -999
0.0260699377724097 0.056943960203409 0.0303175355670832 -999 -999 -999 -999 -999 -999 -999
0.0507801425907539 0.0276599176487107 0.0312674490064443 -999 -999 -999 -999 -999 -999 -999
0.126898678817957 0.0284966179420217 0.0311006833755596 -999 -999 -999 -999 -999 -999 -999
0.077109647431935 0.02789590488553 0.0303458346730097 -999 -999 -999 -999 -999 -999 -999
0.0263794433351222 0.0840464297579284 0.0318592862857184 -999 -999 -999 -999 -999 -999 -999
0.0509412756866407 0.0274114751348683 0.0303517733109644 -999 -999 -999 -999 -999 -999 -999
0.0347542075041324 0.0273697859995972 0.0472060121375516 -999 -999 -999 -999 -999 -999 -999
0.0253739506083119 0.0556954026299533 0.0310875044681209 -999 -999 -999 -999 -999 -999 -999
0.0346048096630164 0.0280608231224762 0.0478559428999969 -999 -999 -999 -999 -999 -999 -999
0.0334011548325464 0.0272215794789893 0.0487125662988785 -999 -999 -999 -999 -999 -999 -999
0.0335723351368452 0.0284576055675232 0.0492163195941613 -999 -999 -999 -999 -999 -999 -999
0.0514302439936378 0.0275884197446072 0.0313047381786373 -999 -999 -999 -999 -999 -999 -999
0.0519481769946042 0.0275292302835124 0.0305397216208168 -999 -999 -999 -999 -999 -999 -999
0.0342094961961843 0.0273463808831605 0.0493307648678756 -999 -999 -999 -999 -999 -999 -999
0.0355013427520316 0.0283761964753299 0.0492239211893204 -999 -999 -999 -999 -999 -999 -999
0.0242693601401735 0.0560073318416904 0.0313406800416276 -999 -999 -999 -999 -999 -999 -999
-999 -999 -999 -999 -999 -999 -999 -999 -999 -999
-999 -999 -999 -999 -999 -999 -999 -999 -999 -999
-999 -999 -999 -999 -999 -999 -999 -999 -999 -999
-999 -999 -999 -999 -999 -999 -999 -999 -999 -999
-999 -999 -999 -999 -999 -999 -999 -999 -999 -999
-999 -999 -999 -999 -999 -999 -999 -999 -999 -999
-999 -999 -999 -999 -999 -999 -999 -999 -999 -999
-999 -999 -999 -999 -999 -999 -999 -999 -999 -999
-999 -999 -999 -999 -999 -999 -999 -999 -999 -999
-999 -999 -999 -999 -999 -999 -999 -999 -999 -999
-999 -999 -999 -999 -999 -999 -999 -999 -999 -999
-999 -999 -999 -999 -999 -999 -999 -999 -999 -999
-999 -999 -999 -999 -999 -999 -999 -999 -999 -999
-999 -999 -999 -999 -999 -999 -999 -999 -999 -999
-999 -999 -999 -999 -999 -999 -999 -999 -999 -999
-999 -999 -999 -999 -999 -999 -999 -999 -999 -999
-999 -999 -999 -999 -999 -999 -999 -999 -999 -999
-999 -999 -999 -999 -999 -999 -999 -999 -999 -999
-999 -999 -999 -999 -999 -999 -999 -999 -999 -999
-999 -999 -999 -999 -999 -999 -999 -999 -999 -999
-999 -999 -999 -999 -999 -999 -999 -999 -999 -999
-999 -999 -999 -999 -999 -999 -999 -999 -999 -999
-999 -999 -999 -999 -999 -999 -999 -999 -999 -999
-999 -999 -999 -999 -999 -999 -999 -999 -999 -999
