-35.3667 -7.6 3
-35.3667 -7.6 3
-35.3667 -7.6 3
-35.3667 -7.6 3
-35.3667 -7.6 3
-35.3667 -7.6 3
-36.0167 -8.3667 2
-36.0167 -8.3667 2
-36.0167 -8.3667 2
-36.0167 -8.3667 2
-36.0167 -8.3667 2
-36.0167 -8.3667 2
-36.0167 -8.3667 2
-36.0167 -8.3667 2
-36.0167 -8.3667 2
-36.4 -8.2 2
-36.4 -8.2 2
-36.4 -8.2 2
-36.4 -8.2 2
-36.4 -8.2 2
-35.8333 -8.7167 1
-35.8333 -8.7167 1
-35.8333 -8.7167 1
-35.8333 -8.7167 1
-35.8333 -8.7167 1
-35.8333 -8.7167 1
-35.8333 -8.7167 1
-35.8333 -8.7167 1
-38.7167 -3.8833 3
-38.7167 -3.8833 3
-38.7167 -3.8833 3
-38.7167 -3.8833 3
-38.7167 -3.8833 3
-38.7167 -3.8833 3
-38.7167 -3.8833 3
-35.1833 -8.0167 1
-35.1833 -8.0167 1
-35.1833 -8.0167 1
-35.1833 -8.0167 1
-35.1833 -8.0167 1
-35.1833 -8.0167 1
-35.1833 -8.0167 1
