-35.3667 -7.6 0.350531582238899 0.186366479049406 0.463101938711695 0 0 0 0 0 0 0
-35.3667 -7.6 0.350531582238899 0.186366479049406 0.463101938711695 0 0 0 0 0 0 0
-35.3667 -7.6 0.350531582238899 0.186366479049406 0.463101938711695 0 0 0 0 0 0 0
-35.3667 -7.6 0.350531582238899 0.186366479049406 0.463101938711695 0 0 0 0 0 0 0
-35.3667 -7.6 0.350531582238899 0.186366479049406 0.463101938711695 0 0 0 0 0 0 0
-35.3667 -7.6 0.350531582238899 0.186366479049406 0.463101938711695 0 0 0 0 0 0 0
-36.0167 -8.3667 0.181363352095059 0.651031894934334 0.167604752970607 0 0 0 0 0 0 0
-36.0167 -8.3667 0.181363352095059 0.651031894934334 0.167604752970607 0 0 0 0 0 0 0
-36.0167 -8.3667 0.181363352095059 0.651031894934334 0.167604752970607 0 0 0 0 0 0 0
-36.0167 -8.3667 0.181363352095059 0.651031894934334 0.167604752970607 0 0 0 0 0 0 0
-36.0167 -8.3667 0.181363352095059 0.651031894934334 0.167604752970607 0 0 0 0 0 0 0
-36.0167 -8.3667 0.181363352095059 0.651031894934334 0.167604752970607 0 0 0 0 0 0 0
-36.0167 -8.3667 0.181363352095059 0.651031894934334 0.167604752970607 0 0 0 0 0 0 0
-36.0167 -8.3667 0.181363352095059 0.651031894934334 0.167604752970607 0 0 0 0 0 0 0
-36.0167 -8.3667 0.181363352095059 0.651031894934334 0.167604752970607 0 0 0 0 0 0 0
-36.4 -8.2 0.181050656660413 0.651657285803627 0.16729205753596 0 0 0 0 0 0 0
-36.4 -8.2 0.181050656660413 0.651657285803627 0.16729205753596 0 0 0 0 0 0 0
-36.4 -8.2 0.181050656660413 0.651657285803627 0.16729205753596 0 0 0 0 0 0 0
-36.4 -8.2 0.181050656660413 0.651657285803627 0.16729205753596 0 0 0 0 0 0 0
-36.4 -8.2 0.181050656660413 0.651657285803627 0.16729205753596 0 0 0 0 0 0 0
-35.8333 -8.7167 0.651344590368981 0.167604752970607 0.181050656660413 0 0 0 0 0 0 0
-35.8333 -8.7167 0.651344590368981 0.167604752970607 0.181050656660413 0 0 0 0 0 0 0
-35.8333 -8.7167 0.651344590368981 0.167604752970607 0.181050656660413 0 0 0 0 0 0 0
-35.8333 -8.7167 0.651344590368981 0.167604752970607 0.181050656660413 0 0 0 0 0 0 0
-35.8333 -8.7167 0.651344590368981 0.167604752970607 0.181050656660413 0 0 0 0 0 0 0
-35.8333 -8.7167 0.651344590368981 0.167604752970607 0.181050656660413 0 0 0 0 0 0 0
-35.8333 -8.7167 0.651344590368981 0.167604752970607 0.181050656660413 0 0 0 0 0 0 0
-35.8333 -8.7167 0.651344590368981 0.167604752970607 0.181050656660413 0 0 0 0 0 0 0
-38.7167 -3.8833 0.167604752970607 0.181050656660413 0.651344590368981 0 0 0 0 0 0 0
-38.7167 -3.8833 0.167604752970607 0.181050656660413 0.651344590368981 0 0 0 0 0 0 0
-38.7167 -3.8833 0.167604752970607 0.181050656660413 0.651344590368981 0 0 0 0 0 0 0
-38.7167 -3.8833 0.167604752970607 0.181050656660413 0.651344590368981 0 0 0 0 0 0 0
-38.7167 -3.8833 0.167604752970607 0.181050656660413 0.651344590368981 0 0 0 0 0 0 0
-38.7167 -3.8833 0.167604752970607 0.181050656660413 0.651344590368981 0 0 0 0 0 0 0
-38.7167 -3.8833 0.167604752970607 0.181050656660413 0.651344590368981 0 0 0 0 0 0 0
-35.1833 -8.0167 0.650719199499687 0.168855534709193 0.180425265791119 0 0 0 0 0 0 0
-35.1833 -8.0167 0.650719199499687 0.168855534709193 0.180425265791119 0 0 0 0 0 0 0
-35.1833 -8.0167 0.650719199499687 0.168855534709193 0.180425265791119 0 0 0 0 0 0 0
-35.1833 -8.0167 0.650719199499687 0.168855534709193 0.180425265791119 0 0 0 0 0 0 0
-35.1833 -8.0167 0.650719199499687 0.168855534709193 0.180425265791119 0 0 0 0 0 0 0
-35.1833 -8.0167 0.650719199499687 0.168855534709193 0.180425265791119 0 0 0 0 0 0 0
-35.1833 -8.0167 0.650719199499687 0.168855534709193 0.180425265791119 0 0 0 0 0 0 0
