-35.3656638598473 -7.60287178280996
-35.368803984775 -7.59736121087801
-35.362360000334 -7.59884447942953
-35.3636754670491 -7.5976735838782
-35.3691754243298 -7.60266345990356
-35.3693758674486 -7.60091021702159
-36.0178492458079 -8.36470169176888
-36.0192670641637 -8.37084791959571
-36.021373388612 -8.36269138874793
-36.0160433073326 -8.36538971862597
-36.0145437854676 -8.36952381099416
-36.0203900985357 -8.36219644082785
-36.0121331242782 -8.36236802461632
-36.0189859541792 -8.3705509574905
-36.0215707837448 -8.36493447947856
-36.4011206886126 -8.19603690912249
-36.3952941884403 -8.19785325914389
-36.4042286154232 -8.1958436787338
-36.4043920805631 -8.20331938216695
-36.4014422007534 -8.19618062506663
-35.8329397659299 -8.71399228364304
-35.835806499216 -8.7162727402484
-35.8309857006713 -8.71980637309682
-35.8303843734383 -8.71510774624143
-35.8336212570073 -8.715142779209
-35.8291056732616 -8.71439869857468
-35.8306102359707 -8.72005225806106
-35.8353470679924 -8.71181846290668
-38.7178034536129 -3.88720327725327
-38.7156640141744 -3.88532937044203
-38.71271552926 -3.88467471161783
-38.7173446852232 -3.88231899917284
-38.7194499230253 -3.88405141677633
-38.7124594727306 -3.87921568196658
-38.7206909362677 -3.88144580581151
-35.1811649373003 -8.02061257850919
-35.187117732113 -8.01716516782139
-35.1877094337453 -8.01945885069277
-35.1836925509239 -8.01856562356772
-35.1793181261902 -8.01695475362083
-35.1787701337079 -8.01521851356216
-35.1796290988817 -8.01951849314459
-999 -999
-999 -999
-999 -999
-999 -999
-999 -999
-999 -999
-999 -999
-999 -999
-999 -999
-999 -999
-999 -999
-999 -999
-999 -999
-999 -999
-999 -999
-999 -999
-999 -999
-999 -999
-999 -999
-999 -999
-999 -999
-999 -999
-999 -999
-999 -999
-999 -999
-999 -999
-999 -999
-999 -999
-999 -999
-999 -999
-999 -999
-999 -999
-999 -999
-999 -999
-999 -999
-999 -999
-999 -999
-999 -999
-999 -999
-999 -999
-999 -999
-999 -999
-999 -999
-999 -999
-999 -999
-999 -999
-999 -999
-999 -999
-999 -999
-999 -999
-999 -999
-999 -999
-999 -999
-999 -999
-999 -999
-999 -999
-999 -999
-999 -999
-999 -999
-999 -999
-999 -999
-999 -999
-999 -999
-999 -999
-999 -999
-999 -999
-999 -999
-999 -999
-999 -999
-999 -999
-999 -999
-999 -999
-999 -999
-999 -999
-999 -999
-999 -999
-999 -999
-999 -999
-999 -999
-999 -999
-999 -999
-999 -999
-999 -999
-999 -999
