0.382810208954523 0.0619093973083994 0.0411339635055791 -999 -999 -999 -999 -999 -999 -999
0.0517017720254107 0.0318144286804102 0.0206908159121192 -999 -999 -999 -999 -999 -999 -999
0.0392459696698589 0.0252326026860043 0.0206610838495453 -999 -999 -999 -999 -999 -999 -999
0.0772550567703876 0.185761986948876 0.170308895851507 -999 -999 -999 -999 -999 -999 -999
0.0379767406975436 0.0719433537735412 0.0210998190732758 -999 -999 -999 -999 -999 -999 -999
0.024516074266534 0.0554993677985442 0.12502325873411 -999 -999 -999 -999 -999 -999 -999
0.0250595336181503 0.0191068818697586 0.0629132334901345 -999 -999 -999 -999 -999 -999 -999
0.0242643485678452 0.0180797969328857 0.0817047343250207 -999 -999 -999 -999 -999 -999 -999
0.0251343180701715 0.0187084616043149 0.041888156779431 -999 -999 -999 -999 -999 -999 -999
0.0248317497632308 0.0369784768605176 0.041454256800392 -999 -999 -999 -999 -999 -999 -999
0.0247902509997256 0.018040901387659 0.0938171613581642 -999 -999 -999 -999 -999 -999 -999
0.0244910934228728 0.0178496863831173 0.0412698751112858 -999 -999 -999 -999 -999 -999 -999
0.0241123383489895 0.018131439201509 0.041513276839906 -999 -999 -999 -999 -999 -999 -999
0.0248468185629572 0.0637581625627333 0.0207561394708543 -999 -999 -999 -999 -999 -999 -999
0.0241289944224377 0.0747897942545867 0.0212405330978772 -999 -999 -999 -999 -999 -999 -999
0.0238574907751531 0.0372551775709157 0.0207356597610564 -999 -999 -999 -999 -999 -999 -999
0.024327966225851 0.110199057327189 0.0216905391567718 -999 -999 -999 -999 -999 -999 -999
0.024570557368345 0.0370656357285803 0.0210462327382971 -999 -999 -999 -999 -999 -999 -999
0.0253615015918297 0.0542733493302668 0.0209309965308343 -999 -999 -999 -999 -999 -999 -999
0.0667172158781818 0.043602041790191 0.0701213676138384 -999 -999 -999 -999 -999 -999 -999
-999 -999 -999 -999 -999 -999 -999 -999 -999 -999
-999 -999 -999 -999 -999 -999 -999 -999 -999 -999
-999 -999 -999 -999 -999 -999 -999 -999 -999 -999
0.0386347248960138 0.0251026930971461 0.0402097160287803 -999 -999 -999 -999 -999 -999 -999
0.0402106139771015 0.023506385562608 0.0203279248993151 -999 -999 -999 -999 -999 -999 -999
0.0393488981346277 0.0253253895920092 0.0202671925656708 -999 -999 -999 -999 -999 -999 -999
0.302778086424751 0.042843893278921 0.0204529895242236 -999 -999 -999 -999 -999 -999 -999
0.0511305869356524 0.25054816646836 0.186619027261849 -999 -999 -999 -999 -999 -999 -999
0.0364499056457238 0.0254524582347193 0.020720469134037 -999 -999 -999 -999 -999 -999 -999
0.0249310715761139 0.0181075217870894 0.0881460240267129 -999 -999 -999 -999 -999 -999 -999
0.0240378660154614 0.0181767884157327 0.0608207881082536 -999 -999 -999 -999 -999 -999 -999
0.023752859785281 0.0183607315398862 0.0888431620232271 -999 -999 -999 -999 -999 -999 -999
0.0242640488847698 0.0180308268725128 0.0410520742071548 -999 -999 -999 -999 -999 -999 -999
0.0241150094555139 0.0178854090735378 0.0977817952848852 -999 -999 -999 -999 -999 -999 -999
0.0241934752421681 0.017821620244426 0.0411752534093244 -999 -999 -999 -999 -999 -999 -999
0.0233377853676785 0.0171949620918035 0.0405817182439803 -999 -999 -999 -999 -999 -999 -999
0.0238593491489438 0.036106647965671 0.0209998200418399 -999 -999 -999 -999 -999 -999 -999
0.02483193045526 0.0395337418143324 0.0203076739913866 -999 -999 -999 -999 -999 -999 -999
0.0235176101170252 0.0550087922926045 0.0202694162299633 -999 -999 -999 -999 -999 -999 -999
0.0240268796286707 0.0388095442747907 0.0202523697647213 -999 -999 -999 -999 -999 -999 -999
0.0241769364961221 0.0399933519733633 0.0207948078166276 -999 -999 -999 -999 -999 -999 -999
0.0240041509579023 0.0950678267676119 0.0205606052467464 -999 -999 -999 -999 -999 -999 -999
0.0248455146203758 0.0360991835508784 0.020365898780541 -999 -999 -999 -999 -999 -999 -999
0.153552696234843 0.141024065101995 0.0894512734107595 -999 -999 -999 -999 -999 -999 -999
-999 -999 -999 -999 -999 -999 -999 -999 -999 -999
-999 -999 -999 -999 -999 -999 -999 -999 -999 -999
0.0668918113745831 0.353572484441142 0.481630030312627 -999 -999 -999 -999 -999 -999 -999
0.050363973009991 0.0302211844585235 0.07718537450468 -999 -999 -999 -999 -999 -999 -999
0.171350658627466 0.152573706819705 0.0263728997948198 -999 -999 -999 -999 -999 -999 -999
0.0516496877009996 0.0560116528562628 0.0262154916776639 -999 -999 -999 -999 -999 -999 -999
0.0330453213542444 0.0224611263003794 0.0875597723880711 -999 -999 -999 -999 -999 -999 -999
0.0315380160533722 0.0215298819948676 0.050486754952887 -999 -999 -999 -999 -999 -999 -999
0.0312559046507533 0.0217579084151555 0.07612596639628 -999 -999 -999 -999 -999 -999 -999
0.0328102846242724 0.0444798431747399 0.0257558845362964 -999 -999 -999 -999 -999 -999 -999
0.251906231024528 0.0220838312374075 0.0249960914889462 -999 -999 -999 -999 -999 -999 -999
0.0323870560319965 0.0947626311772801 0.0262314876710746 -999 -999 -999 -999 -999 -999 -999
0.246801055547794 0.180545749124537 0.0974402462766541 -999 -999 -999 -999 -999 -999 -999
-999 -999 -999 -999 -999 -999 -999 -999 -999 -999
-999 -999 -999 -999 -999 -999 -999 -999 -999 -999
-999 -999 -999 -999 -999 -999 -999 -999 -999 -999
-999 -999 -999 -999 -999 -999 -999 -999 -999 -999
-999 -999 -999 -999 -999 -999 -999 -999 -999 -999
-999 -999 -999 -999 -999 -999 -999 -999 -999 -999
-999 -999 -999 -999 -999 -999 -999 -999 -999 -999
-999 -999 -999 -999 -999 -999 -999 -999 -999 -999
-999 -999 -999 -999 -999 -999 -999 -999 -999 -999
-999 -999 -999 -999 -999 -999 -999 -999 -999 -999
-999 -999 -999 -999 -999 -999 -999 -999 -999 -999
-999 -999 -999 -999 -999 -999 -999 -999 -999 -999
0.0302887760666592 0.0246425204337375 0.160668369805813 -999 -999 -999 -999 -999 -999 -999
0.0296835917269183 0.0253335346681759 0.16358808052906 -999 -999 -999 -999 -999 -999 -999
0.0303954580706989 0.0245691613326167 0.0817916470990384 -999 -999 -999 -999 -999 -999 -999
0.0594523148403061 0.0244775365672412 0.0265852251960336 -999 -999 -999 -999 -999 -999 -999
0.0302294585216189 0.0495041150877989 0.0263324213098272 -999 -999 -999 -999 -999 -999 -999
0.029087526708795 0.100959770227678 0.0278355228302157 -999 -999 -999 -999 -999 -999 -999
0.0292020695020749 0.0242524367207808 0.054294913337764 -999 -999 -999 -999 -999 -999 -999
0.181126017737622 0.0247800286214656 0.0273497995697756 -999 -999 -999 -999 -999 -999 -999
0.0289653246948807 0.0500391583728458 0.0275642293894022 -999 -999 -999 -999 -999 -999 -999
0.0304773999617134 0.0737967240482598 0.0267551462646193 -999 -999 -999 -999 -999 -999 -999
0.0649297662001109 0.0422819913053427 0.0273120294766724 -999 -999 -999 -999 -999 -999 -999
0.0310505212975264 0.049956195051458 0.0276712771500663 -999 -999 -999 -999 -999 -999 -999
0.0295236501477229 0.0498208737358723 0.0271370548828803 -999 -999 -999 -999 -999 -999 -999
0.0464332585736547 0.033874765358917 0.0262746533810123 -999 -999 -999 -999 -999 -999 -999
0.0296460042010614 0.025052945825167 0.0529802164499706 -999 -999 -999 -999 -999 -999 -999
0.0307977823051013 0.0494920353474873 0.0268464701030977 -999 -999 -999 -999 -999 -999 -999
0.0286598719848967 0.0492039459564483 0.0266275980447719 -999 -999 -999 -999 -999 -999 -999
0.0626308561593631 0.0439805441900911 0.0268013636095187 -999 -999 -999 -999 -999 -999 -999
0.0299575915198585 0.0748926359710555 0.0273755564458367 -999 -999 -999 -999 -999 -999 -999
0.0294770901803626 0.0501082037265888 0.027638125912454 -999 -999 -999 -999 -999 -999 -999
0.0292238610396742 0.0502290179256155 0.0270779189986174 -999 -999 -999 -999 -999 -999 -999
0.0482366806750169 0.0336289706023889 0.0273187807891851 -999 -999 -999 -999 -999 -999 -999
0.0605251278843627 0.0251228889229679 0.0261735994243673 -999 -999 -999 -999 -999 -999 -999
0.0304760347056868 0.0257374373201203 0.111221869552473 -999 -999 -999 -999 -999 -999 -999
0.0303013576302687 0.0513897107941958 0.0273086037854385 -999 -999 -999 -999 -999 -999 -999
0.0929077326983089 0.0256929777897183 0.0278073650776814 -999 -999 -999 -999 -999 -999 -999
0.0307086201905437 0.0254943520311662 0.195032508626744 -999 -999 -999 -999 -999 -999 -999
0.0310782693896341 0.127637196728985 0.0276542746765934 -999 -999 -999 -999 -999 -999 -999
0.187411719038935 0.024933998375599 0.0279609682858019 -999 -999 -999 -999 -999 -999 -999
0.0313250547459497 0.0261587443423486 0.0567091903189075 -999 -999 -999 -999 -999 -999 -999
0.0303726009833011 0.0505016748203876 0.0278365066026533 -999 -999 -999 -999 -999 -999 -999
0.0309663358411041 0.126796624535041 0.0281338133444236 -999 -999 -999 -999 -999 -999 -999
0.0312954821203742 0.0760003987447393 0.0272638434457036 -999 -999 -999 -999 -999 -999 -999
0.0306473162351753 0.0257261548620167 0.0805749997036544 -999 -999 -999 -999 -999 -999 -999
0.0308537797027908 0.0511456493419068 0.0279555596995838 -999 -999 -999 -999 -999 -999 -999
0.0475561574663135 0.0349552446255128 0.0278362807083681 -999 -999 -999 -999 -999 -999 -999
0.0309400035814055 0.0258910029605304 0.0573910096149214 -999 -999 -999 -999 -999 -999 -999
0.0482623283184285 0.0349394026065472 0.0274812290044824 -999 -999 -999 -999 -999 -999 -999
0.0488543863889358 0.0349217740553424 0.0279968864044004 -999 -999 -999 -999 -999 -999 -999
0.0478782425172236 0.0341395150057132 0.0289055794836533 -999 -999 -999 -999 -999 -999 -999
0.031016011983403 0.0518543936844032 0.0275402224171637 -999 -999 -999 -999 -999 -999 -999
0.0310668429693198 0.0511178550101187 0.0281342872217804 -999 -999 -999 -999 -999 -999 -999
0.0479608948272954 0.0340397752397558 0.0271343369283658 -999 -999 -999 -999 -999 -999 -999
0.0470045658777417 0.0350573080315728 0.0281050334373671 -999 -999 -999 -999 -999 -999 -999
0.0311162627878609 0.0258688090942784 0.0540156316598392 -999 -999 -999 -999 -999 -999 -999
-999 -999 -999 -999 -999 -999 -999 -999 -999 -999
-999 -999 -999 -999 -999 -999 -999 -999 -999 -999
-999 -999 -999 -999 -999 -999 -999 -999 -999 -999
-999 -999 -999 -999 -999 -999 -999 -999 -999 -999
-999 -999 -999 -999 -999 -999 -999 -999 -999 -999
-999 -999 -999 -999 -999 -999 -999 -999 -999 -999
-999 -999 -999 -999 -999 -999 -999 -999 -999 -999
-999 -999 -999 -999 -999 -999 -999 -999 -999 -999
-999 -999 -999 -999 -999 -999 -999 -999 -999 -999
-999 -999 -999 -999 -999 -999 -999 -999 -999 -999
-999 -999 -999 -999 -999 -999 -999 -999 -999 -999
-999 -999 -999 -999 -999 -999 -999 -999 -999 -999
-999 -999 -999 -999 -999 -999 -999 -999 -999 -999
-999 -999 -999 -999 -999 -999 -999 -999 -999 -999
-999 -999 -999 -999 -999 -999 -999 -999 -999 -999
-999 -999 -999 -999 -999 -999 -999 -999 -999 -999
-999 -999 -999 -999 -999 -999 -999 -999 -999 -999
-999 -999 -999 -999 -999 -999 -999 -999 -999 -999
-999 -999 -999 -999 -999 -999 -999 -999 -999 -999
-999 -999 -999 -999 -999 -999 -999 -999 -999 -999
-999 -999 -999 -999 -999 -999 -999 -999 -999 -999
-999 -999 -999 -999 -999 -999 -999 -999 -999 -999
-999 -999 -999 -999 -999 -999 -999 -999 -999 -999
-999 -999 -999 -999 -999 -999 -999 -999 -999 -999
