-35.3667 -7.6 0.479076923076923 0.352307692307692 0.168615384615385 0 0 0 0 0 0 0
-35.3667 -7.6 0.479076923076923 0.352307692307692 0.168615384615385 0 0 0 0 0 0 0
-35.3667 -7.6 0.479076923076923 0.352307692307692 0.168615384615385 0 0 0 0 0 0 0
-35.3667 -7.6 0.479076923076923 0.352307692307692 0.168615384615385 0 0 0 0 0 0 0
-35.3667 -7.6 0.479076923076923 0.352307692307692 0.168615384615385 0 0 0 0 0 0 0
-35.3667 -7.6 0.479076923076923 0.352307692307692 0.168615384615385 0 0 0 0 0 0 0
-36.0167 -8.3667 0.160615384615385 0.169538461538462 0.669846153846154 0 0 0 0 0 0 0
-36.0167 -8.3667 0.160615384615385 0.169538461538462 0.669846153846154 0 0 0 0 0 0 0
-36.0167 -8.3667 0.160615384615385 0.169538461538462 0.669846153846154 0 0 0 0 0 0 0
-36.0167 -8.3667 0.160615384615385 0.169538461538462 0.669846153846154 0 0 0 0 0 0 0
-36.0167 -8.3667 0.160615384615385 0.169538461538462 0.669846153846154 0 0 0 0 0 0 0
-36.0167 -8.3667 0.160615384615385 0.169538461538462 0.669846153846154 0 0 0 0 0 0 0
-36.0167 -8.3667 0.160615384615385 0.169538461538462 0.669846153846154 0 0 0 0 0 0 0
-36.0167 -8.3667 0.160615384615385 0.169538461538462 0.669846153846154 0 0 0 0 0 0 0
-36.0167 -8.3667 0.160615384615385 0.169538461538462 0.669846153846154 0 0 0 0 0 0 0
-36.4 -8.2 0.160923076923077 0.169538461538462 0.669538461538462 0 0 0 0 0 0 0
-36.4 -8.2 0.160923076923077 0.169538461538462 0.669538461538462 0 0 0 0 0 0 0
-36.4 -8.2 0.160923076923077 0.169538461538462 0.669538461538462 0 0 0 0 0 0 0
-36.4 -8.2 0.160923076923077 0.169538461538462 0.669538461538462 0 0 0 0 0 0 0
-36.4 -8.2 0.160923076923077 0.169538461538462 0.669538461538462 0 0 0 0 0 0 0
-35.8333 -8.7167 0.169538461538462 0.669538461538462 0.160923076923077 0 0 0 0 0 0 0
-35.8333 -8.7167 0.169538461538462 0.669538461538462 0.160923076923077 0 0 0 0 0 0 0
-35.8333 -8.7167 0.169538461538462 0.669538461538462 0.160923076923077 0 0 0 0 0 0 0
-35.8333 -8.7167 0.169538461538462 0.669538461538462 0.160923076923077 0 0 0 0 0 0 0
-35.8333 -8.7167 0.169538461538462 0.669538461538462 0.160923076923077 0 0 0 0 0 0 0
-35.8333 -8.7167 0.169538461538462 0.669538461538462 0.160923076923077 0 0 0 0 0 0 0
-35.8333 -8.7167 0.169538461538462 0.669538461538462 0.160923076923077 0 0 0 0 0 0 0
-35.8333 -8.7167 0.169538461538462 0.669538461538462 0.160923076923077 0 0 0 0 0 0 0
-38.7167 -3.8833 0.669846153846154 0.160615384615385 0.169538461538462 0 0 0 0 0 0 0
-38.7167 -3.8833 0.669846153846154 0.160615384615385 0.169538461538462 0 0 0 0 0 0 0
-38.7167 -3.8833 0.669846153846154 0.160615384615385 0.169538461538462 0 0 0 0 0 0 0
-38.7167 -3.8833 0.669846153846154 0.160615384615385 0.169538461538462 0 0 0 0 0 0 0
-38.7167 -3.8833 0.669846153846154 0.160615384615385 0.169538461538462 0 0 0 0 0 0 0
-38.7167 -3.8833 0.669846153846154 0.160615384615385 0.169538461538462 0 0 0 0 0 0 0
-38.7167 -3.8833 0.669846153846154 0.160615384615385 0.169538461538462 0 0 0 0 0 0 0
-35.1833 -8.0167 0.169230769230769 0.668615384615385 0.162153846153846 0 0 0 0 0 0 0
-35.1833 -8.0167 0.169230769230769 0.668615384615385 0.162153846153846 0 0 0 0 0 0 0
-35.1833 -8.0167 0.169230769230769 0.668615384615385 0.162153846153846 0 0 0 0 0 0 0
-35.1833 -8.0167 0.169230769230769 0.668615384615385 0.162153846153846 0 0 0 0 0 0 0
-35.1833 -8.0167 0.169230769230769 0.668615384615385 0.162153846153846 0 0 0 0 0 0 0
-35.1833 -8.0167 0.169230769230769 0.668615384615385 0.162153846153846 0 0 0 0 0 0 0
-35.1833 -8.0167 0.169230769230769 0.668615384615385 0.162153846153846 0 0 0 0 0 0 0
