0.089236720591287 0.372932719266844 0.0395916562797985 -999 -999 -999 -999 -999 -999 -999
0.0454608193247407 0.0334507535667101 0.0213941852165543 -999 -999 -999 -999 -999 -999 -999
0.0315042490889575 0.0322214567153388 0.021494930985793 -999 -999 -999 -999 -999 -999 -999
0.199197992187391 0.0389909515553494 0.174175162464861 -999 -999 -999 -999 -999 -999 -999
0.0758577855465998 0.0291391282540906 0.0238892489499592 -999 -999 -999 -999 -999 -999 -999
0.0500307300411377 0.0290775664898429 0.126775307007803 -999 -999 -999 -999 -999 -999 -999
0.0168228930785672 0.0279613552979372 0.06113326660535 -999 -999 -999 -999 -999 -999 -999
0.0178711426308543 0.0264209111515929 0.079490776902898 -999 -999 -999 -999 -999 -999 -999
0.0178910662208136 0.0293011316634053 0.0397165831790139 -999 -999 -999 -999 -999 -999 -999
0.035062476647075 0.0288967839415217 0.0417615629928414 -999 -999 -999 -999 -999 -999 -999
0.0168738063232168 0.0294984076658331 0.0900585854170525 -999 -999 -999 -999 -999 -999 -999
0.0180167596606703 0.0305527356082198 0.0432059334205258 -999 -999 -999 -999 -999 -999 -999
0.0158922866706326 0.0258969670223347 0.0391724220268949 -999 -999 -999 -999 -999 -999 -999
0.057457135258277 0.0307319442390929 0.020757032377798 -999 -999 -999 -999 -999 -999 -999
0.0648759229916408 0.0280471912929191 0.0222701241524163 -999 -999 -999 -999 -999 -999 -999
0.032824871475806 0.0289284393629769 0.0197511024922204 -999 -999 -999 -999 -999 -999 -999
0.0958385650160054 0.0279558198099191 0.0222731156761818 -999 -999 -999 -999 -999 -999 -999
0.0332839178904623 0.0315368374377071 0.0216830779966388 -999 -999 -999 -999 -999 -999 -999
0.0501746560723288 0.0318393451215495 0.0224124067871564 -999 -999 -999 -999 -999 -999 -999
0.0358262032835368 0.0866195545368155 0.068993519068243 -999 -999 -999 -999 -999 -999 -999
-999 -999 -999 -999 -999 -999 -999 -999 -999 -999
0.035096619598496 0.0302763572386741 0.0410852321496188 -999 -999 -999 -999 -999 -999 -999
0.0318468512505325 0.0326786411465841 0.0209680544449349 -999 -999 -999 -999 -999 -999 -999
0.0312155832519952 0.0298035772710731 0.021186517984687 -999 -999 -999 -999 -999 -999 -999
0.051865951505651 0.357481945411796 0.0217008671468365 -999 -999 -999 -999 -999 -999 -999
0.229412728760823 0.0323800873507026 0.182472518849653 -999 -999 -999 -999 -999 -999 -999
0.0330865902425554 0.0293921658551288 0.0190705472445829 -999 -999 -999 -999 -999 -999 -999
0.0188348444648201 0.0281279304775377 0.0871122805579261 -999 -999 -999 -999 -999 -999 -999
0.0157275172825045 0.0293904780646653 0.060804146921153 -999 -999 -999 -999 -999 -999 -999
0.0174841195821707 0.0290600106796787 0.0884468864920367 -999 -999 -999 -999 -999 -999 -999
0.017325023152249 0.0272181561251927 0.0402136157181677 -999 -999 -999 -999 -999 -999 -999
0.0175474703784456 0.0271175731902179 0.0950978919029286 -999 -999 -999 -999 -999 -999 -999
0.017977856410938 0.0264847582876595 0.0422437641522345 -999 -999 -999 -999 -999 -999 -999
0.0170496783817401 0.026829838177866 0.0389260760818062 -999 -999 -999 -999 -999 -999 -999
0.0329782676511066 0.0288651673323582 0.0196604479143765 -999 -999 -999 -999 -999 -999 -999
0.033459029591941 0.0282505871071517 0.0204254330330896 -999 -999 -999 -999 -999 -999 -999
0.0476209185177269 0.0294831240466856 0.0203859479514715 -999 -999 -999 -999 -999 -999 -999
0.0341382102374605 0.0272860653918463 0.0204361531511588 -999 -999 -999 -999 -999 -999 -999
0.0337133250976624 0.0278222445448603 0.0219850676369514 -999 -999 -999 -999 -999 -999 -999
0.0838936511681808 0.0296620844326819 0.0214339557080411 -999 -999 -999 -999 -999 -999 -999
0.0339208900085356 0.0275388661810047 0.0199801850069117 -999 -999 -999 -999 -999 -999 -999
0.165804873464465 0.094850341686635 0.0963644099514332 -999 -999 -999 -999 -999 -999 -999
0.325713906976437 0.0462903173445016 0.480986437897089 -999 -999 -999 -999 -999 -999 -999
0.0414133973308735 0.0385503199083317 0.0785640598718392 -999 -999 -999 -999 -999 -999 -999
0.165751752114582 0.150005689806154 0.0287795326877405 -999 -999 -999 -999 -999 -999 -999
0.0613735410164485 0.0384380290250225 0.0267556177266692 -999 -999 -999 -999 -999 -999 -999
0.0196678271476765 0.040780006062691 0.0809886814641526 -999 -999 -999 -999 -999 -999 -999
0.0210632608101048 0.0395475178695864 0.0522739633867656 -999 -999 -999 -999 -999 -999 -999
0.0209460631649032 0.0386406093923958 0.0770834967056859 -999 -999 -999 -999 -999 -999 -999
0.0391910060657231 0.0380629515676717 0.0239144938387684 -999 -999 -999 -999 -999 -999 -999
0.0238116478376397 0.320069291879787 0.0254335291896061 -999 -999 -999 -999 -999 -999 -999
0.0792752678922642 0.0371109827323489 0.0263599125468777 -999 -999 -999 -999 -999 -999 -999
0.201792329643348 0.212504284411509 0.0988602746848053 -999 -999 -999 -999 -999 -999 -999
-999 -999 -999 -999 -999 -999 -999 -999 -999 -999
-999 -999 -999 -999 -999 -999 -999 -999 -999 -999
-999 -999 -999 -999 -999 -999 -999 -999 -999 -999
-999 -999 -999 -999 -999 -999 -999 -999 -999 -999
-999 -999 -999 -999 -999 -999 -999 -999 -999 -999
-999 -999 -999 -999 -999 -999 -999 -999 -999 -999
-999 -999 -999 -999 -999 -999 -999 -999 -999 -999
-999 -999 -999 -999 -999 -999 -999 -999 -999 -999
-999 -999 -999 -999 -999 -999 -999 -999 -999 -999
-999 -999 -999 -999 -999 -999 -999 -999 -999 -999
-999 -999 -999 -999 -999 -999 -999 -999 -999 -999
-999 -999 -999 -999 -999 -999 -999 -999 -999 -999
-999 -999 -999 -999 -999 -999 -999 -999 -999 -999
-999 -999 -999 -999 -999 -999 -999 -999 -999 -999
-999 -999 -999 -999 -999 -999 -999 -999 -999 -999
-999 -999 -999 -999 -999 -999 -999 -999 -999 -999
-999 -999 -999 -999 -999 -999 -999 -999 -999 -999
-999 -999 -999 -999 -999 -999 -999 -999 -999 -999
-999 -999 -999 -999 -999 -999 -999 -999 -999 -999
-999 -999 -999 -999 -999 -999 -999 -999 -999 -999
-999 -999 -999 -999 -999 -999 -999 -999 -999 -999
-999 -999 -999 -999 -999 -999 -999 -999 -999 -999
-999 -999 -999 -999 -999 -999 -999 -999 -999 -999
-999 -999 -999 -999 -999 -999 -999 -999 -999 -999
-999 -999 -999 -999 -999 -999 -999 -999 -999 -999
-999 -999 -999 -999 -999 -999 -999 -999 -999 -999
-999 -999 -999 -999 -999 -999 -999 -999 -999 -999
-999 -999 -999 -999 -999 -999 -999 -999 -999 -999
-999 -999 -999 -999 -999 -999 -999 -999 -999 -999
-999 -999 -999 -999 -999 -999 -999 -999 -999 -999
-999 -999 -999 -999 -999 -999 -999 -999 -999 -999
-999 -999 -999 -999 -999 -999 -999 -999 -999 -999
-999 -999 -999 -999 -999 -999 -999 -999 -999 -999
-999 -999 -999 -999 -999 -999 -999 -999 -999 -999
-999 -999 -999 -999 -999 -999 -999 -999 -999 -999
-999 -999 -999 -999 -999 -999 -999 -999 -999 -999
-999 -999 -999 -999 -999 -999 -999 -999 -999 -999
-999 -999 -999 -999 -999 -999 -999 -999 -999 -999
-999 -999 -999 -999 -999 -999 -999 -999 -999 -999
-999 -999 -999 -999 -999 -999 -999 -999 -999 -999
-999 -999 -999 -999 -999 -999 -999 -999 -999 -999
-999 -999 -999 -999 -999 -999 -999 -999 -999 -999
-999 -999 -999 -999 -999 -999 -999 -999 -999 -999
-999 -999 -999 -999 -999 -999 -999 -999 -999 -999
-999 -999 -999 -999 -999 -999 -999 -999 -999 -999
-999 -999 -999 -999 -999 -999 -999 -999 -999 -999
-999 -999 -999 -999 -999 -999 -999 -999 -999 -999
-999 -999 -999 -999 -999 -999 -999 -999 -999 -999
-999 -999 -999 -999 -999 -999 -999 -999 -999 -999
-999 -999 -999 -999 -999 -999 -999 -999 -999 -999
-999 -999 -999 -999 -999 -999 -999 -999 -999 -999
-999 -999 -999 -999 -999 -999 -999 -999 -999 -999
