24
32
17
15
33
25
13
24
29
27
25
12
7
35
15
33
10
11
17
15
20
40
22
12
30
9
3
26
15
3
10
20
11
35
31
24
14
40
11
31
37
30
7
41
12
16
6
19
33
35
33
10
13
19
8
18
22
17
7
14
28
9
40
19
11
9
5
7
3
6
33
13
17
26
10
16
27
28
20
9
32
30
25
25
16
5
5
18
14
30
13
33
33
24
8
16
22
16
40
5
14
12
16
19
9
19
6
27
2
9
10
5
7
9
17
11
21
18
7
8
24
22
18
14
12
10
17
34
44
36
23
13
28
24
24
36
5
21
33
10
25
29
25
24
26
16
8
3
17
16
18
19
19
8
27
25
26
13
16
35
16
40
17
20
18
13
4
38
22
38
5
40
37
35
22
23
11
6
18
29
22
5
7
30
14
40
20
26
34
4
24
41
28
43
40
43
40
11
29
10
36
24
7
20
10
24
3
17
16
26
20
8
34
27
16
36
29
4
15
32
2
19
10
47
16
32
7
13
11
21
16
24
12
31
20
31
28
20
20
44
9
31
39
14
26
24
24
7
14
16
27
16
8
7
24
20
21
11
14
3
20
39
32
12
3
14
20
10
18
13
31
33
8
23
10
20
10
9
28
9
16
39
11
22
9
31
42
21
20
18
22
43
32
16
27
25
10
3
8
20
34
19
3
10
41
31
22
20
30
10
31
22
12
10
38
17
15
8
26
36
17
26
12
2
46
27
16
3
20
7
20
25
10
10
18
25
17
9
12
11
9
25
9
25
37
5
11
13
6
36
32
7
31
13
12
26
25
18
15
11
38
5
24
26
33
33
40
21
6
28
38
30
23
16
9
31
23
12
30
11
30
29
20
24
4
36
26
16
13
7
5
29
21
5
22
15
5
33
14
48
14
23
39
35
10
23
20
16
11
28
4
21
23
18
36
8
13
20
7
43
9
26
26
28
21
18
19
15
21
18
13
12
37
24
23
27
2
6
17
33
24
34
42
12
8
9
29
11
21
7
11
9
4
32
33
22
39
14
25
22
18
12
32
13
10
38
18
7
42
4
23
11
16
23
2
7
10
6
4
6
6
4
4
4
7
3
6
6
20
11
28
29
21
5
3
43
6
17
13
4
29
6
5
8
32
34
12
31
9
4
12
44
18
11
8
36
22
9
28
16
36
17
22
15
36
18
32
19
27
19
21
11
17
24
8
27
25
12
22
21
21
36
26
37
9
27
36
21
31
9
16
31
33
23
24
10
37
16
17
25
16
35
42
20
7
8
6
29
9
5
34
4
44
21
9
40
15
17
10
12
14
22
33
43
13
6
27
28
16
17
5
35
24
11
8
7
4
4
7
12
20
14
12
6
28
34
8
26
14
25
22
9
14
4
8
32
19
10
11
15
21
9
8
28
24
8
8
16
13
15
15
29
34
23
5
44
15
35
26
29
28
20
27
12
17
13
16
12
10
10
37
20
5
26
20
5
32
33
27
4
19
22
19
33
30
26
15
35
13
6
29
13
15
37
30
12
8
3
5
3
8
36
23
38
19
22
23
18
10
4
29
25
10
13
33
22
49
23
27
27
9
32
7
16
11
25
19
5
32
18
21
11
12
47
12
3
10
28
26
32
26
39
6
23
12
23
25
44
27
9
12
17
6
34
39
9
25
19
4
22
8
18
15
15
21
27
19
20
41
14
19
17
22
23
43
21
14
12
9
5
19
31
20
30
34
11
23
42
41
28
32
25
4
13
17
12
2
43
20
30
16
10
16
58
36
17
15
13
12
14
5
21
8
12
8
3
4
31
41
4
46
25
28
7
9
35
6
11
17
20
24
25
24
20
6
31
34
25
9
12
45
34
21
33
17
10
10
17
23
29
27
13
28
7
16
17
11
23
4
6
5
11
30
14
23
13
42
8
16
15
22
23
27
8
25
42
9
12
11
22
24
10
18
13
32
10
15
7
8
43
17
18
20
13
22
9
45
29
29
10
38
9
38
17
20
50
33
13
4
40
26
13
11
39
27
13
22
27
39
14
33
35
34
9
9
22
19
9
14
27
36
33
8
23
15
7
31
26
24
4
32
4
9
37
3
9
15
10
30
9
19
19
22
33
22
22
23
15
23
28
11
8
24
4
17
11
5
6
5
4
7
20
11
17
21
10
25
11
16
15
30
25
13
27
32
15
26
3
28
30
29
16
10
5
16
31
20
3
16
16
13
11
6
22
16
14
12
20
14
14
14
19
8
28
20
18
23
38
28
36
