-35.3667 -7.6 0.223918575063613 0.175572519083969 0.600508905852417 0 0
-35.3667 -7.6 0.223918575063613 0.175572519083969 0.600508905852417 0 0
-35.3667 -7.6 0.223918575063613 0.175572519083969 0.600508905852417 0 0
-35.3667 -7.6 0.223918575063613 0.175572519083969 0.600508905852417 0 0
-35.3667 -7.6 0.223918575063613 0.175572519083969 0.600508905852417 0 0
-35.3667 -7.6 0.223918575063613 0.175572519083969 0.600508905852417 0 0
-36.0167 -8.3667 0.16793893129771 0.661577608142494 0.170483460559796 0 0
-36.0167 -8.3667 0.16793893129771 0.661577608142494 0.170483460559796 0 0
-36.0167 -8.3667 0.16793893129771 0.661577608142494 0.170483460559796 0 0
-36.0167 -8.3667 0.16793893129771 0.661577608142494 0.170483460559796 0 0
-36.0167 -8.3667 0.16793893129771 0.661577608142494 0.170483460559796 0 0
-36.0167 -8.3667 0.16793893129771 0.661577608142494 0.170483460559796 0 0
-36.0167 -8.3667 0.16793893129771 0.661577608142494 0.170483460559796 0 0
-36.0167 -8.3667 0.16793893129771 0.661577608142494 0.170483460559796 0 0
-36.0167 -8.3667 0.16793893129771 0.661577608142494 0.170483460559796 0 0
-36.4 -8.2 0.170483460559796 0.669211195928753 0.16030534351145 0 0
-36.4 -8.2 0.170483460559796 0.669211195928753 0.16030534351145 0 0
-36.4 -8.2 0.170483460559796 0.669211195928753 0.16030534351145 0 0
-36.4 -8.2 0.170483460559796 0.669211195928753 0.16030534351145 0 0
-36.4 -8.2 0.170483460559796 0.669211195928753 0.16030534351145 0 0
-35.8333 -8.7167 0.157760814249364 0.195928753180662 0.646310432569975 0 0
-35.8333 -8.7167 0.157760814249364 0.195928753180662 0.646310432569975 0 0
-35.8333 -8.7167 0.157760814249364 0.195928753180662 0.646310432569975 0 0
-35.8333 -8.7167 0.157760814249364 0.195928753180662 0.646310432569975 0 0
-35.8333 -8.7167 0.157760814249364 0.195928753180662 0.646310432569975 0 0
-35.8333 -8.7167 0.157760814249364 0.195928753180662 0.646310432569975 0 0
-35.8333 -8.7167 0.157760814249364 0.195928753180662 0.646310432569975 0 0
-35.8333 -8.7167 0.157760814249364 0.195928753180662 0.646310432569975 0 0
-38.7167 -3.8833 0.669211195928753 0.16030534351145 0.170483460559796 0 0
-38.7167 -3.8833 0.669211195928753 0.16030534351145 0.170483460559796 0 0
-38.7167 -3.8833 0.669211195928753 0.16030534351145 0.170483460559796 0 0
-38.7167 -3.8833 0.669211195928753 0.16030534351145 0.170483460559796 0 0
-38.7167 -3.8833 0.669211195928753 0.16030534351145 0.170483460559796 0 0
-38.7167 -3.8833 0.669211195928753 0.16030534351145 0.170483460559796 0 0
-38.7167 -3.8833 0.669211195928753 0.16030534351145 0.170483460559796 0 0
-35.1833 -8.0167 0.16030534351145 0.206106870229008 0.633587786259542 0 0
-35.1833 -8.0167 0.16030534351145 0.206106870229008 0.633587786259542 0 0
-35.1833 -8.0167 0.16030534351145 0.206106870229008 0.633587786259542 0 0
-35.1833 -8.0167 0.16030534351145 0.206106870229008 0.633587786259542 0 0
-35.1833 -8.0167 0.16030534351145 0.206106870229008 0.633587786259542 0 0
-35.1833 -8.0167 0.16030534351145 0.206106870229008 0.633587786259542 0 0
-35.1833 -8.0167 0.16030534351145 0.206106870229008 0.633587786259542 0 0
