0.078287037327423 0.050919620400556 0.372082871675632 -999 -999
0.0417478983348117 0.0254082375551331 0.0355122240445765 -999 -999
0.0288723374568822 0.0229279627508387 0.0313078864105821 -999 -999
0.199526122826135 0.165366524021899 0.038301445986103 -999 -999
0.0605111498457922 0.0324369224774998 0.0338475613926538 -999 -999
0.0689674201176572 0.10838358330009 0.0288402617477078 -999 -999
0.0260138234678153 0.0525142219212817 0.0273011686062205 -999 -999
0.0306741761177111 0.0708009490692103 0.0311080877432393 -999 -999
0.0235475050050706 0.036138687780066 0.03053473449039 -999 -999
0.0364078517915976 0.0401063160120508 0.0283106358985735 -999 -999
0.0313406396318344 0.0727698547605322 0.0253357388157102 -999 -999
0.0213739851744075 0.0375566459469846 0.0279178116945441 -999 -999
0.0200448461469216 0.037771666012131 0.0291516327088071 -999 -999
0.0491813335806174 0.0302499391420105 0.030190038281482 -999 -999
0.055912435898197 0.0298483638541406 0.0301603567436366 -999 -999
0.0287206225857344 0.0246826936276393 0.0273701966194355 -999 -999
0.0812890919624192 0.0392924665605424 0.0259411464108748 -999 -999
0.0312400558890443 0.026071297767171 0.0287491646212956 -999 -999
0.0462016999379505 0.0284376436402032 0.0288036817989877 -999 -999
0.0401399669019778 0.0683164034000192 0.0892333543095485 -999 -999
-999 -999 -999 -999 -999
0.030816785912653 0.0416156173321331 0.029809490487965 -999 -999
0.0277873063724978 0.0236370208059828 0.0319161236946605 -999 -999
0.0263169478200439 0.0229636221250698 0.0292165510137386 -999 -999
0.0419930120015077 0.0291683328250971 0.36077324127847 -999 -999
0.242612348088404 0.183586269255889 0.0338461283234061 -999 -999
0.0278384046391174 0.025882080823971 0.0290256810105766 -999 -999
0.0302831144008198 0.0750700189376186 0.0285409831219416 -999 -999
0.0241200888318903 0.0526721564051619 0.0264995801460139 -999 -999
0.0314688637623689 0.0726002260585399 0.0265146230076451 -999 -999
0.0200074464701399 0.0357255139338041 0.0270816392871759 -999 -999
0.0325287020200947 0.0787212337736832 0.0293393942443633 -999 -999
0.0214289878403852 0.0372529529612021 0.0270766313094334 -999 -999
0.021099905604428 0.0345239278399131 0.027306541705905 -999 -999
0.0298719225416764 0.0245886886500622 0.0279684733025789 -999 -999
0.0327474059538098 0.0221137937454681 0.0278299098074917 -999 -999
0.0415658446469226 0.026802006291801 0.0264966387328351 -999 -999
0.0330016517069786 0.0232001669517181 0.0292152119583415 -999 -999
0.0301316055011521 0.0243523937927541 0.0280449954121305 -999 -999
0.0728735135876439 0.034335748162319 0.0270192072293819 -999 -999
0.0282234368915188 0.0240176421608185 0.0282022100313398 -999 -999
0.153282705405947 0.107170587166994 0.0982767448946049 -999 -999
0.376109360064674 0.426184161394692 0.0487747555657373 -999 -999
0.0428423172997912 0.071391163808248 0.0399735302231304 -999 -999
0.13793075614837 0.0578389922019303 0.149562470526368 -999 -999
0.0519051890035108 0.0355774570843977 0.0448803840096584 -999 -999
0.0304127788137101 0.0748971148104209 0.038685705501759 -999 -999
0.0241976680524152 0.048089509023903 0.0382775621325347 -999 -999
0.0312518981966054 0.0666540871402986 0.0367504184516868 -999 -999
0.0355002593514774 0.0302342337498314 0.0371572291647953 -999 -999
0.0196716826663032 0.0282971353456252 0.321366958276945 -999 -999
0.0707776517947755 0.039199893652444 0.0400156836623726 -999 -999
0.179400438608366 0.121636251788209 0.204555302485012 -999 -999
-999 -999 -999 -999 -999
-999 -999 -999 -999 -999
-999 -999 -999 -999 -999
-999 -999 -999 -999 -999
-999 -999 -999 -999 -999
-999 -999 -999 -999 -999
-999 -999 -999 -999 -999
-999 -999 -999 -999 -999
-999 -999 -999 -999 -999
-999 -999 -999 -999 -999
-999 -999 -999 -999 -999
-999 -999 -999 -999 -999
-999 -999 -999 -999 -999
-999 -999 -999 -999 -999
-999 -999 -999 -999 -999
-999 -999 -999 -999 -999
-999 -999 -999 -999 -999
-999 -999 -999 -999 -999
-999 -999 -999 -999 -999
-999 -999 -999 -999 -999
-999 -999 -999 -999 -999
-999 -999 -999 -999 -999
-999 -999 -999 -999 -999
-999 -999 -999 -999 -999
-999 -999 -999 -999 -999
-999 -999 -999 -999 -999
-999 -999 -999 -999 -999
-999 -999 -999 -999 -999
-999 -999 -999 -999 -999
-999 -999 -999 -999 -999
-999 -999 -999 -999 -999
-999 -999 -999 -999 -999
-999 -999 -999 -999 -999
-999 -999 -999 -999 -999
-999 -999 -999 -999 -999
-999 -999 -999 -999 -999
-999 -999 -999 -999 -999
-999 -999 -999 -999 -999
-999 -999 -999 -999 -999
-999 -999 -999 -999 -999
-999 -999 -999 -999 -999
-999 -999 -999 -999 -999
-999 -999 -999 -999 -999
-999 -999 -999 -999 -999
-999 -999 -999 -999 -999
-999 -999 -999 -999 -999
-999 -999 -999 -999 -999
-999 -999 -999 -999 -999
-999 -999 -999 -999 -999
-999 -999 -999 -999 -999
-999 -999 -999 -999 -999
-999 -999 -999 -999 -999
