15
6
6
2
2
13
2
15
27
12
15
47
15
31
14
15
22
15
38
32
36
33
41
26
28
31
5
14
9
24
32
42
28
17
48
51
31
10
22
26
29
23
28
28
12
15
21
14
21
38
20
20
19
39
6
9
19
18
33
33
25
6
13
20
17
5
22
30
19
15
3
37
25
33
31
6
15
6
9
12
19
11
15
7
8
31
12
16
4
21
9
3
28
16
4
20
20
10
21
17
36
12
19
27
36
28
12
37
15
34
46
20
11
5
13
7
27
49
51
24
14
16
50
39
35
20
4
22
8
21
34
30
14
10
29
12
24
25
11
9
18
23
12
8
11
23
42
36
56
39
35
38
35
29
46
36
30
34
41
36
53
36
8
9
29
18
59
35
5
17
25
29
31
38
37
21
28
19
14
56
37
28
30
16
16
23
32
32
13
10
6
7
5
9
16
30
15
31
34
19
18
9
9
3
12
20
41
25
7
21
39
17
12
6
39
16
13
30
21
19
26
24
12
10
5
26
27
41
34
23
15
19
14
17
24
38
9
22
27
11
11
19
14
13
35
41
17
29
6
13
26
19
3
11
8
5
10
15
15
18
10
11
15
5
35
18
16
8
10
4
9
17
7
22
28
8
12
28
29
24
36
17
25
16
23
44
22
22
31
19
22
3
7
16
5
6
9
10
8
14
22
10
7
12
11
4
4
10
31
21
28
38
24
33
30
28
9
12
14
32
6
6
23
22
26
12
11
18
11
18
34
14
29
21
8
18
33
30
29
37
25
6
8
31
17
30
12
15
25
15
9
22
10
19
36
30
36
9
5
30
8
21
8
21
7
9
25
18
15
13
5
10
26
42
21
7
12
16
17
19
4
45
15
18
14
11
11
31
13
17
38
37
11
19
21
7
12
12
14
10
25
28
20
41
8
14
17
14
17
4
14
19
14
6
7
8
33
30
10
7
7
6
40
32
20
25
8
38
11
20
4
19
18
26
27
20
12
4
26
12
27
8
16
28
10
12
33
46
36
7
16
3
7
6
8
35
18
39
41
43
33
30
5
11
28
23
10
11
31
16
8
8
14
28
28
27
15
17
4
6
17
17
5
14
25
39
29
32
20
27
28
22
20
8
22
5
21
17
15
13
18
3
23
7
18
12
14
41
12
22
17
25
15
11
28
32
39
34
30
25
11
26
13
36
9
35
23
19
16
17
20
37
36
56
45
31
34
41
35
5
31
22
8
9
13
29
8
13
25
8
8
13
20
28
26
28
34
28
15
7
19
20
27
34
22
11
17
28
12
5
14
17
8
7
16
24
13
14
7
28
43
33
30
23
20
17
39
32
13
21
33
13
12
9
13
31
12
11
33
25
35
30
16
23
43
23
23
27
9
19
5
32
19
26
23
31
16
8
25
32
32
25
18
6
10
25
29
5
8
39
31
18
11
23
19
18
25
14
16
4
8
11
9
10
16
43
26
15
4
27
33
26
13
6
21
36
20
28
38
30
32
30
16
21
4
8
14
4
8
8
4
12
5
13
29
12
23
4
9
21
7
5
23
3
26
8
12
3
11
18
6
15
10
26
17
11
16
38
32
31
39
9
12
21
28
30
23
34
33
22
39
39
28
29
23
32
19
26
29
45
11
11
20
10
33
28
5
5
14
41
30
14
20
10
13
3
13
30
31
13
10
35
22
33
36
15
24
9
9
24
34
15
13
37
35
42
27
45
24
29
32
18
35
20
19
4
17
20
19
34
26
24
5
18
34
28
35
34
23
4
7
27
12
37
37
31
26
24
3
9
29
29
19
43
10
9
20
20
18
6
29
30
13
13
33
16
16
8
16
28
36
35
11
6
28
16
6
21
24
31
37
48
28
22
28
9
13
28
45
13
24
7
27
31
12
18
14
28
36
18
20
31
13
27
30
33
11
13
10
13
10
24
32
8
23
17
14
5
27
24
8
34
32
29
21
42
41
27
21
13
22
31
14
9
17
6
26
16
18
13
27
30
17
21
20
8
8
14
15
36
28
28
26
8
21
30
35
8
45
35
12
11
5
15
25
10
27
20
23
28
36
20
24
31
18
12
13
33
14
27
12
24
22
35
23
9
21
15
14
6
13
15
21
11
14
4
9
10
16
10
5
12
37
21
26
14
4
19
25
4
7
8
17
30
26
28
13
23
31
24
38
39
17
25
20
35
11
8
19
21
44
28
19
19
33
29
20
3
3
9
10
7
10
2
3
21
5
10
16
13
6
21
18
19
14
12
3
9
26
27
