-35.3667 -7.6 0.501333333333333 0.266666666666667 0.232 0 0
-35.3667 -7.6 0.501333333333333 0.266666666666667 0.232 0 0
-35.3667 -7.6 0.501333333333333 0.266666666666667 0.232 0 0
-35.3667 -7.6 0.501333333333333 0.266666666666667 0.232 0 0
-35.3667 -7.6 0.501333333333333 0.266666666666667 0.232 0 0
-35.3667 -7.6 0.501333333333333 0.266666666666667 0.232 0 0
-36.0167 -8.3667 0.301333333333333 0.528 0.170666666666667 0 0
-36.0167 -8.3667 0.301333333333333 0.528 0.170666666666667 0 0
-36.0167 -8.3667 0.301333333333333 0.528 0.170666666666667 0 0
-36.0167 -8.3667 0.301333333333333 0.528 0.170666666666667 0 0
-36.0167 -8.3667 0.301333333333333 0.528 0.170666666666667 0 0
-36.0167 -8.3667 0.301333333333333 0.528 0.170666666666667 0 0
-36.0167 -8.3667 0.301333333333333 0.528 0.170666666666667 0 0
-36.0167 -8.3667 0.301333333333333 0.528 0.170666666666667 0 0
-36.0167 -8.3667 0.301333333333333 0.528 0.170666666666667 0 0
-36.4 -8.2 0.296 0.538666666666667 0.165333333333333 0 0
-36.4 -8.2 0.296 0.538666666666667 0.165333333333333 0 0
-36.4 -8.2 0.296 0.538666666666667 0.165333333333333 0 0
-36.4 -8.2 0.296 0.538666666666667 0.165333333333333 0 0
-36.4 -8.2 0.296 0.538666666666667 0.165333333333333 0 0
-35.8333 -8.7167 0.557333333333333 0.282666666666667 0.16 0 0
-35.8333 -8.7167 0.557333333333333 0.282666666666667 0.16 0 0
-35.8333 -8.7167 0.557333333333333 0.282666666666667 0.16 0 0
-35.8333 -8.7167 0.557333333333333 0.282666666666667 0.16 0 0
-35.8333 -8.7167 0.557333333333333 0.282666666666667 0.16 0 0
-35.8333 -8.7167 0.557333333333333 0.282666666666667 0.16 0 0
-35.8333 -8.7167 0.557333333333333 0.282666666666667 0.16 0 0
-35.8333 -8.7167 0.557333333333333 0.282666666666667 0.16 0 0
-38.7167 -3.8833 0.157333333333333 0.168 0.674666666666667 0 0
-38.7167 -3.8833 0.157333333333333 0.168 0.674666666666667 0 0
-38.7167 -3.8833 0.157333333333333 0.168 0.674666666666667 0 0
-38.7167 -3.8833 0.157333333333333 0.168 0.674666666666667 0 0
-38.7167 -3.8833 0.157333333333333 0.168 0.674666666666667 0 0
-38.7167 -3.8833 0.157333333333333 0.168 0.674666666666667 0 0
-38.7167 -3.8833 0.157333333333333 0.168 0.674666666666667 0 0
-35.1833 -8.0167 0.554666666666667 0.285333333333333 0.16 0 0
-35.1833 -8.0167 0.554666666666667 0.285333333333333 0.16 0 0
-35.1833 -8.0167 0.554666666666667 0.285333333333333 0.16 0 0
-35.1833 -8.0167 0.554666666666667 0.285333333333333 0.16 0 0
-35.1833 -8.0167 0.554666666666667 0.285333333333333 0.16 0 0
-35.1833 -8.0167 0.554666666666667 0.285333333333333 0.16 0 0
-35.1833 -8.0167 0.554666666666667 0.285333333333333 0.16 0 0
