0.0502155623230474 0.38062256390632 0.0859865271362345 -999 -999
0.026152989407083 0.0351736311267445 0.0433689165361299 -999 -999
0.0221403080688822 0.0277763619403375 0.030079178952005 -999 -999
0.17552100431272 0.0390147314862557 0.193765055904018 -999 -999
0.0297303143671446 0.0309767883292536 0.0667786272733489 -999 -999
0.114013041597158 0.0288367921437224 0.0577333012024773 -999 -999
0.0528401626249607 0.0297470807307546 0.0234279388405695 -999 -999
0.0743122064955343 0.0291803609717656 0.0260054401968654 -999 -999
0.0366754773780715 0.0263181488863607 0.0215737575744545 -999 -999
0.04121302238291 0.0264409200505227 0.0330046104765684 -999 -999
0.0793109423872473 0.0282300930377201 0.0301199699555965 -999 -999
0.0358365435206767 0.0283456563771761 0.0221390203240241 -999 -999
0.0398405006250046 0.0284906123188384 0.0208552633569313 -999 -999
0.0246906633682176 0.0310578611989616 0.0514025160950712 -999 -999
0.027475088894638 0.0291641553519399 0.0590697213983103 -999 -999
0.022799795450518 0.0282133764212704 0.032483180465758 -999 -999
0.034939092944121 0.0279279540854455 0.087284697742746 -999 -999
0.0226004817136508 0.0269707096057635 0.030148936802868 -999 -999
0.0263858342224212 0.0277798681782535 0.0429873710559507 -999 -999
0.0633069679159929 0.0897323338525938 0.0417859687100726 -999 -999
-999 -999 -999 -999 -999
0.039170027907293 0.0301943658864149 0.035520101390333 -999 -999
0.0215828994784483 0.0305701931845126 0.030020421015687 -999 -999
0.0220204698446938 0.0286369066922473 0.03291559199818 -999 -999
0.022539253946827 0.353103243637248 0.0448264560098265 -999 -999
0.201232767963685 0.0313295761263401 0.218351875266775 -999 -999
0.0209531773120712 0.0279822994455012 0.0298728335590429 -999 -999
0.0749223224052035 0.0284857139713889 0.0279614600055202 -999 -999
0.0545867619851233 0.030681491024594 0.0248014456767758 -999 -999
0.0785398533024693 0.0299626118696919 0.0303287672163845 -999 -999
0.0368179707890039 0.0276683590232484 0.0217757352935727 -999 -999
0.0872746419702475 0.0249405394822852 0.0281760500720111 -999 -999
0.0349836772386719 0.0293090011853316 0.0230497789734151 -999 -999
0.0361159600180849 0.027355300390636 0.01948103741002 -999 -999
0.0211957709388957 0.0280196268317247 0.0317590757365489 -999 -999
0.0216828090906055 0.0313549169289994 0.0297708889162565 -999 -999
0.0241711203675424 0.0291362380563084 0.0432044632709288 -999 -999
0.0211367492157622 0.0287370014594645 0.031413881669858 -999 -999
0.0240448384489308 0.0286777750818086 0.032485311969659 -999 -999
0.0319506762737832 0.0281221287827731 0.0743336006426236 -999 -999
0.0210263315657765 0.0257936120229057 0.0323387791481299 -999 -999
0.104051919936881 0.0999390989165751 0.157612444758452 -999 -999
0.479348659174692 0.0459296005100536 0.32302181354662 -999 -999
0.0703256723511094 0.0428035058022837 0.0444793710469965 -999 -999
0.0461310390316873 0.150604500044183 0.151743971803609 -999 -999
0.0321223911997738 0.0413602979086381 0.0580853995476111 -999 -999
0.0713752704756048 0.0378032440919297 0.0290621709505353 -999 -999
0.0447973693215617 0.0384462637014253 0.0275491415521189 -999 -999
0.0593494458722299 0.0374494590902729 0.0364443602125205 -999 -999
0.0292290741661463 0.0414946105025906 0.0410866627130003 -999 -999
0.0232957440238201 0.319611920804546 0.0224089374309736 -999 -999
0.0352703174107838 0.0389765406688701 0.0728840211003886 -999 -999
0.108755016972591 0.205520056875207 0.193234150095626 -999 -999
-999 -999 -999 -999 -999
-999 -999 -999 -999 -999
-999 -999 -999 -999 -999
-999 -999 -999 -999 -999
-999 -999 -999 -999 -999
-999 -999 -999 -999 -999
-999 -999 -999 -999 -999
-999 -999 -999 -999 -999
-999 -999 -999 -999 -999
-999 -999 -999 -999 -999
-999 -999 -999 -999 -999
-999 -999 -999 -999 -999
-999 -999 -999 -999 -999
-999 -999 -999 -999 -999
-999 -999 -999 -999 -999
-999 -999 -999 -999 -999
-999 -999 -999 -999 -999
-999 -999 -999 -999 -999
-999 -999 -999 -999 -999
-999 -999 -999 -999 -999
-999 -999 -999 -999 -999
-999 -999 -999 -999 -999
-999 -999 -999 -999 -999
-999 -999 -999 -999 -999
-999 -999 -999 -999 -999
-999 -999 -999 -999 -999
-999 -999 -999 -999 -999
-999 -999 -999 -999 -999
-999 -999 -999 -999 -999
-999 -999 -999 -999 -999
-999 -999 -999 -999 -999
-999 -999 -999 -999 -999
-999 -999 -999 -999 -999
-999 -999 -999 -999 -999
-999 -999 -999 -999 -999
-999 -999 -999 -999 -999
-999 -999 -999 -999 -999
-999 -999 -999 -999 -999
-999 -999 -999 -999 -999
-999 -999 -999 -999 -999
-999 -999 -999 -999 -999
-999 -999 -999 -999 -999
-999 -999 -999 -999 -999
-999 -999 -999 -999 -999
-999 -999 -999 -999 -999
-999 -999 -999 -999 -999
-999 -999 -999 -999 -999
-999 -999 -999 -999 -999
-999 -999 -999 -999 -999
-999 -999 -999 -999 -999
-999 -999 -999 -999 -999
-999 -999 -999 -999 -999
