26
30
33
19
43
33
39
6
21
30
18
27
11
4
24
19
26
34
35
38
46
7
21
39
28
21
28
32
23
27
25
22
14
19
18
10
4
6
9
17
25
8
18
10
17
24
42
19
21
11
35
10
21
7
19
18
15
5
14
4
49
35
48
9
18
32
20
19
16
19
20
35
21
15
9
27
9
18
26
28
38
31
16
6
8
8
13
12
4
13
8
14
8
14
6
28
26
28
43
36
22
22
30
8
15
42
44
26
39
28
17
12
21
18
25
24
10
4
14
14
19
32
35
15
19
22
25
38
20
29
31
16
19
22
19
19
17
13
39
31
15
27
16
17
15
26
32
7
3
37
25
12
7
22
37
25
9
33
29
7
28
13
17
3
20
10
21
37
29
14
31
18
14
18
10
17
16
16
35
24
3
12
13
25
11
35
28
40
44
26
10
12
24
17
16
21
21
35
25
21
14
36
27
39
40
8
9
23
8
8
16
9
12
14
12
37
20
23
39
35
24
40
29
13
51
29
19
9
15
47
46
35
16
14
33
4
16
11
17
4
9
21
17
29
25
27
33
44
3
16
16
18
42
33
23
32
27
12
20
14
6
5
13
8
26
10
9
12
18
22
8
8
13
12
26
23
11
4
20
21
13
8
13
21
17
5
20
34
15
7
25
25
43
26
13
25
17
43
9
12
33
39
36
18
9
21
28
28
5
28
24
35
29
8
37
21
5
17
6
35
41
22
18
2
24
10
21
4
28
34
31
33
35
30
18
47
10
23
24
30
17
24
24
23
17
17
34
5
13
8
28
38
30
34
35
26
14
25
38
28
18
6
13
23
3
3
11
13
10
18
15
34
23
19
3
24
34
36
4
15
16
15
42
35
16
35
28
24
24
36
30
37
20
7
10
25
36
10
20
12
5
14
28
29
24
18
14
29
22
35
14
9
25
20
53
22
8
12
28
22
27
12
3
13
20
35
36
7
5
35
24
37
18
33
30
34
42
32
18
19
25
10
7
3
9
15
7
11
10
12
11
14
3
22
39
28
26
27
20
13
19
44
26
20
26
7
7
16
8
11
19
7
27
22
15
18
10
19
45
29
13
34
26
12
27
9
6
11
12
25
32
40
27
22
21
24
17
36
25
37
43
28
18
13
39
34
43
14
14
18
12
11
9
8
18
32
21
33
9
19
5
9
12
13
16
25
50
38
32
25
25
34
33
14
32
18
19
11
21
29
27
9
11
17
21
18
14
27
16
12
12
23
11
16
16
6
3
29
22
12
12
16
41
20
14
28
19
25
35
20
11
23
30
15
13
12
20
6
15
29
24
29
22
42
16
28
32
32
24
14
11
31
40
39
23
18
4
12
9
8
32
10
9
35
24
29
29
12
13
16
33
18
4
10
43
28
15
14
30
7
10
12
16
22
15
24
14
5
3
24
20
30
36
41
18
25
41
21
17
44
8
40
15
42
6
24
7
46
28
23
25
31
16
8
12
26
9
4
20
26
21
31
36
45
7
22
11
15
14
24
29
32
6
7
14
14
11
34
26
24
13
18
12
8
29
28
15
42
37
12
5
14
27
21
7
20
23
28
9
20
11
10
23
6
36
24
14
13
23
28
30
35
4
9
12
7
13
22
18
17
5
16
8
13
13
12
23
18
5
15
5
3
22
35
23
15
22
3
28
30
5
8
28
49
31
34
36
32
10
7
10
33
18
29
11
27
19
7
31
40
31
6
24
28
16
19
18
24
24
11
19
38
36
41
18
16
16
13
14
12
24
30
8
12
12
30
23
33
32
5
14
35
37
21
39
29
19
4
29
7
33
40
34
13
30
26
36
34
13
14
3
8
38
15
30
9
3
16
49
20
11
12
12
19
6
10
13
9
31
10
14
31
30
21
26
13
37
35
8
11
23
15
13
21
23
28
4
18
21
33
30
16
46
26
44
13
5
14
16
33
30
16
6
23
18
43
20
17
29
9
29
33
12
14
11
4
12
29
28
25
38
24
15
22
42
35
19
11
5
29
29
36
27
23
19
6
28
28
41
43
8
35
40
11
16
8
6
30
9
26
11
26
23
35
13
40
14
22
38
12
6
10
7
7
13
28
14
3
5
16
11
7
8
5
6
11
39
29
25
17
6
6
34
4
3
12
11
15
21
25
26
18
24
24
10
26
15
16
21
39
7
20
39
17
35
10
26
24
44
34
41
41
9
29
29
20
28
12
36
38
36
13
15
9
26
28
10
30
5
7
7
39
15
38
6
31
26
35
8
13
