-35.3667 -7.6 0.214285714285714 0.233990147783251 0.551724137931034 0 0
-35.3667 -7.6 0.214285714285714 0.233990147783251 0.551724137931034 0 0
-35.3667 -7.6 0.214285714285714 0.233990147783251 0.551724137931034 0 0
-35.3667 -7.6 0.214285714285714 0.233990147783251 0.551724137931034 0 0
-35.3667 -7.6 0.214285714285714 0.233990147783251 0.551724137931034 0 0
-35.3667 -7.6 0.214285714285714 0.233990147783251 0.551724137931034 0 0
-36.0167 -8.3667 0.598522167487685 0.155172413793103 0.246305418719212 0 0
-36.0167 -8.3667 0.598522167487685 0.155172413793103 0.246305418719212 0 0
-36.0167 -8.3667 0.598522167487685 0.155172413793103 0.246305418719212 0 0
-36.0167 -8.3667 0.598522167487685 0.155172413793103 0.246305418719212 0 0
-36.0167 -8.3667 0.598522167487685 0.155172413793103 0.246305418719212 0 0
-36.0167 -8.3667 0.598522167487685 0.155172413793103 0.246305418719212 0 0
-36.0167 -8.3667 0.598522167487685 0.155172413793103 0.246305418719212 0 0
-36.0167 -8.3667 0.598522167487685 0.155172413793103 0.246305418719212 0 0
-36.0167 -8.3667 0.598522167487685 0.155172413793103 0.246305418719212 0 0
-36.4 -8.2 0.598522167487685 0.155172413793103 0.246305418719212 0 0
-36.4 -8.2 0.598522167487685 0.155172413793103 0.246305418719212 0 0
-36.4 -8.2 0.598522167487685 0.155172413793103 0.246305418719212 0 0
-36.4 -8.2 0.598522167487685 0.155172413793103 0.246305418719212 0 0
-36.4 -8.2 0.598522167487685 0.155172413793103 0.246305418719212 0 0
-35.8333 -8.7167 0.258620689655172 0.155172413793103 0.586206896551724 0 0
-35.8333 -8.7167 0.258620689655172 0.155172413793103 0.586206896551724 0 0
-35.8333 -8.7167 0.258620689655172 0.155172413793103 0.586206896551724 0 0
-35.8333 -8.7167 0.258620689655172 0.155172413793103 0.586206896551724 0 0
-35.8333 -8.7167 0.258620689655172 0.155172413793103 0.586206896551724 0 0
-35.8333 -8.7167 0.258620689655172 0.155172413793103 0.586206896551724 0 0
-35.8333 -8.7167 0.258620689655172 0.155172413793103 0.586206896551724 0 0
-35.8333 -8.7167 0.258620689655172 0.155172413793103 0.586206896551724 0 0
-38.7167 -3.8833 0.16256157635468 0.687192118226601 0.150246305418719 0 0
-38.7167 -3.8833 0.16256157635468 0.687192118226601 0.150246305418719 0 0
-38.7167 -3.8833 0.16256157635468 0.687192118226601 0.150246305418719 0 0
-38.7167 -3.8833 0.16256157635468 0.687192118226601 0.150246305418719 0 0
-38.7167 -3.8833 0.16256157635468 0.687192118226601 0.150246305418719 0 0
-38.7167 -3.8833 0.16256157635468 0.687192118226601 0.150246305418719 0 0
-38.7167 -3.8833 0.16256157635468 0.687192118226601 0.150246305418719 0 0
-35.1833 -8.0167 0.268472906403941 0.155172413793103 0.576354679802956 0 0
-35.1833 -8.0167 0.268472906403941 0.155172413793103 0.576354679802956 0 0
-35.1833 -8.0167 0.268472906403941 0.155172413793103 0.576354679802956 0 0
-35.1833 -8.0167 0.268472906403941 0.155172413793103 0.576354679802956 0 0
-35.1833 -8.0167 0.268472906403941 0.155172413793103 0.576354679802956 0 0
-35.1833 -8.0167 0.268472906403941 0.155172413793103 0.576354679802956 0 0
-35.1833 -8.0167 0.268472906403941 0.155172413793103 0.576354679802956 0 0
