0.378132835954689 0.0404161161623486 0.093626455748071 -999 -999
0.0331508747710014 0.0207251572912383 0.0473058989909573 -999 -999
0.0321994805040798 0.0211703952790412 0.0311229848010887 -999 -999
0.0381785273874247 0.170357487650486 0.197957013904881 -999 -999
0.029781430847265 0.0216637696492344 0.0706339578145596 -999 -999
0.0289774353080912 0.126475655932266 0.0497771824215066 -999 -999
0.0273225291306074 0.0614421845346165 0.0162455679002524 -999 -999
0.0290830664811414 0.0843807562662793 0.0184285911071197 -999 -999
0.0285338614768891 0.0417808851102526 0.0168329869199986 -999 -999
0.0305002029792626 0.0421499569436119 0.0327927766105855 -999 -999
0.0285084937777663 0.0909390019166862 0.0178783348248829 -999 -999
0.0267425787798945 0.041971914031296 0.0175576112943302 -999 -999
0.0256847418708889 0.040779802043938 0.0172737025656051 -999 -999
0.0277517742999556 0.0219660632338527 0.0572022269632355 -999 -999
0.0274778307307645 0.0203928166049572 0.0655867303188094 -999 -999
0.0303400361563288 0.0190348138466146 0.0343972552276318 -999 -999
0.0284987897574623 0.0229807752096793 0.097708954505863 -999 -999
0.0290513120354578 0.0224283446548515 0.0328183745383633 -999 -999
0.0276957040112391 0.0199734296829121 0.0494875720643695 -999 -999
0.0923884937397907 0.0689706739558375 0.035365821477889 -999 -999
-999 -999 -999 -999 -999
0.0309490558789957 0.0412387040575277 0.0300643750728005 -999 -999
0.0295233281459841 0.0202315779625188 0.0335097706952303 -999 -999
0.0298262260568988 0.0199788283082726 0.0326577504241514 -999 -999
0.358771420852729 0.0223685294316551 0.0484876983665597 -999 -999
0.0350551461046181 0.183219068783853 0.235255894421021 -999 -999
0.0317510044910412 0.0200178228638919 0.0303528142124223 -999 -999
0.0278114020873475 0.0862273587663475 0.0170082058133677 -999 -999
0.0263102060880476 0.0630868441946795 0.0178741396249672 -999 -999
0.0270024366937368 0.0891194769085461 0.0163522363836592 -999 -999
0.0248408825890612 0.0388442589915665 0.0180704075099399 -999 -999
0.0254568090249371 0.0928675604121755 0.0173166781872247 -999 -999
0.0272214104216479 0.0426791810504524 0.0167924709152213 -999 -999
0.0263902663829506 0.0412302910404305 0.0196888073022934 -999 -999
0.0282748042291229 0.0197629677723398 0.0333680613669718 -999 -999
0.0263147829013006 0.0209198123404351 0.0334282173725581 -999 -999
0.0313292245014449 0.0202825916013986 0.0470479335379316 -999 -999
0.02860730491856 0.0211794848619818 0.0355139158016898 -999 -999
0.0283161062131368 0.0192781751757451 0.0328174025726354 -999 -999
0.0273401799209688 0.0218838732242056 0.0820539915932421 -999 -999
0.0264435306970101 0.0204273011042976 0.0321087417953383 -999 -999
0.10246447180046 0.0951562911476791 0.170230487030774 -999 -999
0.0460755528375933 0.482637959011996 0.320829714700911 -999 -999
0.0431661200675152 0.0742912896697433 0.040191404999608 -999 -999
0.144990107783336 0.0261790186914067 0.169957503898849 -999 -999
0.0433538332089796 0.0271006592073745 0.0590531167938786 -999 -999
0.0404558739733623 0.0844529706097068 0.0203900750988375 -999 -999
0.0366467165518857 0.0550820304760965 0.0210132376513409 -999 -999
0.0389577950447671 0.0711234679328472 0.020668257074948 -999 -999
0.0391743745788069 0.0265498547130353 0.0385577680518123 -999 -999
0.321470207870381 0.0256368573800523 0.0206492562468194 -999 -999
0.0370279718348674 0.0261726337240247 0.0800653839746014 -999 -999
0.208681446248505 0.100773258583717 0.208624281508393 -999 -999
-999 -999 -999 -999 -999
-999 -999 -999 -999 -999
-999 -999 -999 -999 -999
-999 -999 -999 -999 -999
-999 -999 -999 -999 -999
-999 -999 -999 -999 -999
-999 -999 -999 -999 -999
-999 -999 -999 -999 -999
-999 -999 -999 -999 -999
-999 -999 -999 -999 -999
-999 -999 -999 -999 -999
-999 -999 -999 -999 -999
-999 -999 -999 -999 -999
-999 -999 -999 -999 -999
-999 -999 -999 -999 -999
-999 -999 -999 -999 -999
-999 -999 -999 -999 -999
-999 -999 -999 -999 -999
-999 -999 -999 -999 -999
-999 -999 -999 -999 -999
-999 -999 -999 -999 -999
-999 -999 -999 -999 -999
-999 -999 -999 -999 -999
-999 -999 -999 -999 -999
-999 -999 -999 -999 -999
-999 -999 -999 -999 -999
-999 -999 -999 -999 -999
-999 -999 -999 -999 -999
-999 -999 -999 -999 -999
-999 -999 -999 -999 -999
-999 -999 -999 -999 -999
-999 -999 -999 -999 -999
-999 -999 -999 -999 -999
-999 -999 -999 -999 -999
-999 -999 -999 -999 -999
-999 -999 -999 -999 -999
-999 -999 -999 -999 -999
-999 -999 -999 -999 -999
-999 -999 -999 -999 -999
-999 -999 -999 -999 -999
-999 -999 -999 -999 -999
-999 -999 -999 -999 -999
-999 -999 -999 -999 -999
-999 -999 -999 -999 -999
-999 -999 -999 -999 -999
-999 -999 -999 -999 -999
-999 -999 -999 -999 -999
-999 -999 -999 -999 -999
-999 -999 -999 -999 -999
-999 -999 -999 -999 -999
-999 -999 -999 -999 -999
-999 -999 -999 -999 -999
