3
11
20
6
5
5
7
9
14
12
15
12
17
16
9
20
8
12
18
11
7
4
18
15
8
7
11
25
4
7
7
14
10
13
18
6
32
22
6
23
32
27
32
3
5
17
20
28
20
10
6
39
36
40
9
6
12
11
27
20
8
41
37
35
11
30
27
13
30
32
27
43
15
35
37
30
22
35
18
34
21
9
4
3
13
25
15
23
22
17
22
8
8
18
32
18
16
18
29
43
15
47
30
11
11
21
9
13
28
21
8
16
36
13
6
23
12
24
34
43
14
18
17
6
13
23
12
19
10
9
19
22
30
30
37
27
37
7
8
5
7
17
7
10
21
6
27
9
13
9
23
10
20
20
21
11
41
37
36
41
31
26
8
11
16
13
30
6
3
4
5
3
15
3
6
10
5
6
12
7
16
6
10
18
10
15
22
11
16
3
14
24
25
34
11
22
34
29
21
16
17
27
12
24
16
9
19
33
29
15
6
43
32
29
38
26
8
19
27
42
32
24
22
23
23
35
44
10
28
32
47
21
15
13
16
24
12
20
12
9
12
17
5
29
19
9
19
31
41
53
45
32
38
23
44
36
17
25
6
28
38
19
14
13
29
21
10
4
19
21
24
40
15
10
17
19
18
25
9
22
12
24
7
16
4
15
4
13
23
13
10
13
13
11
38
12
13
24
13
13
10
13
17
26
39
16
7
6
30
39
33
18
18
17
13
17
14
10
10
12
14
4
5
13
7
15
22
7
10
30
6
10
24
10
11
20
33
33
18
29
4
5
12
31
36
21
22
12
19
25
6
14
21
12
31
13
15
24
31
19
15
13
23
12
35
35
17
20
53
31
13
20
20
5
8
24
14
5
16
27
16
13
7
11
5
9
7
12
4
15
25
23
11
10
7
4
21
5
11
4
22
4
4
13
5
10
10
10
3
8
8
6
7
8
5
5
5
11
21
5
9
9
18
24
20
7
12
31
13
3
6
31
12
13
16
39
13
27
15
33
17
13
26
26
31
14
31
35
36
26
6
14
8
18
20
18
35
16
22
7
35
36
12
21
20
38
11
10
7
14
28
12
4
21
24
6
9
17
16
19
12
27
24
29
14
22
21
39
17
9
11
13
22
13
35
36
41
16
6
21
37
35
22
32
19
15
13
3
5
13
8
8
7
36
25
20
14
26
36
20
15
44
21
26
46
5
22
4
7
19
8
10
20
41
43
25
29
23
38
51
21
32
27
36
7
8
14
20
38
16
22
20
7
9
29
23
10
9
16
13
28
11
28
9
4
16
16
42
10
16
19
8
14
41
32
15
30
45
35
32
4
36
27
19
21
23
7
29
6
8
3
12
11
22
38
48
25
23
28
22
8
12
15
26
10
35
30
16
15
9
39
28
35
22
5
23
19
23
24
9
5
29
35
14
19
11
22
27
12
30
21
33
33
33
42
37
27
21
22
32
16
11
10
13
12
21
12
9
13
13
8
15
7
7
20
12
13
34
23
23
33
25
39
35
5
48
33
30
37
22
31
45
28
21
29
45
7
28
39
9
12
10
32
26
12
17
28
24
20
11
7
17
25
18
28
38
26
16
6
10
28
17
45
23
24
20
13
5
8
7
10
3
11
5
21
29
27
11
20
18
36
39
18
3
8
11
14
19
13
4
6
22
3
11
11
8
4
5
12
3
9
11
2
10
40
39
38
25
32
10
16
10
30
8
29
3
8
5
10
5
9
12
38
23
12
18
34
22
25
37
21
18
10
14
13
19
19
26
15
34
36
3
20
37
4
18
55
45
34
33
25
25
9
11
15
13
24
23
39
32
27
21
10
29
19
11
10
12
13
38
54
23
8
18
6
13
7
13
10
35
13
43
20
24
15
9
20
18
4
8
11
13
9
19
16
31
35
13
11
50
34
12
24
21
25
13
13
11
21
23
22
12
5
43
24
23
8
13
18
16
28
24
13
10
20
4
22
35
43
17
25
47
12
9
19
3
12
26
31
5
10
8
11
18
23
22
9
18
21
21
2
2
4
4
24
28
7
11
6
6
18
5
8
7
12
31
15
9
22
17
29
11
10
18
20
26
35
20
16
4
19
21
14
32
24
15
14
31
4
7
20
18
16
9
6
8
21
17
27
7
8
9
7
13
3
4
25
4
5
7
13
19
26
17
19
15
12
15
27
20
35
5
8
5
22
28
10
3
27
14
36
3
11
23
4
12
21
14
8
15
19
10
4
15
14
5
19
27
7
17
25
45
21
9
11
8
11
7
12
10
