-35.3667 -7.6 0.233502538071066 0.16751269035533 0.598984771573604 0 0
-35.3667 -7.6 0.233502538071066 0.16751269035533 0.598984771573604 0 0
-35.3667 -7.6 0.233502538071066 0.16751269035533 0.598984771573604 0 0
-35.3667 -7.6 0.233502538071066 0.16751269035533 0.598984771573604 0 0
-35.3667 -7.6 0.233502538071066 0.16751269035533 0.598984771573604 0 0
-35.3667 -7.6 0.233502538071066 0.16751269035533 0.598984771573604 0 0
-36.0167 -8.3667 0.17258883248731 0.649746192893401 0.177664974619289 0 0
-36.0167 -8.3667 0.17258883248731 0.649746192893401 0.177664974619289 0 0
-36.0167 -8.3667 0.17258883248731 0.649746192893401 0.177664974619289 0 0
-36.0167 -8.3667 0.17258883248731 0.649746192893401 0.177664974619289 0 0
-36.0167 -8.3667 0.17258883248731 0.649746192893401 0.177664974619289 0 0
-36.0167 -8.3667 0.17258883248731 0.649746192893401 0.177664974619289 0 0
-36.0167 -8.3667 0.17258883248731 0.649746192893401 0.177664974619289 0 0
-36.0167 -8.3667 0.17258883248731 0.649746192893401 0.177664974619289 0 0
-36.0167 -8.3667 0.17258883248731 0.649746192893401 0.177664974619289 0 0
-36.4 -8.2 0.17258883248731 0.649746192893401 0.177664974619289 0 0
-36.4 -8.2 0.17258883248731 0.649746192893401 0.177664974619289 0 0
-36.4 -8.2 0.17258883248731 0.649746192893401 0.177664974619289 0 0
-36.4 -8.2 0.17258883248731 0.649746192893401 0.177664974619289 0 0
-36.4 -8.2 0.17258883248731 0.649746192893401 0.177664974619289 0 0
-35.8333 -8.7167 0.182741116751269 0.180203045685279 0.637055837563452 0 0
-35.8333 -8.7167 0.182741116751269 0.180203045685279 0.637055837563452 0 0
-35.8333 -8.7167 0.182741116751269 0.180203045685279 0.637055837563452 0 0
-35.8333 -8.7167 0.182741116751269 0.180203045685279 0.637055837563452 0 0
-35.8333 -8.7167 0.182741116751269 0.180203045685279 0.637055837563452 0 0
-35.8333 -8.7167 0.182741116751269 0.180203045685279 0.637055837563452 0 0
-35.8333 -8.7167 0.182741116751269 0.180203045685279 0.637055837563452 0 0
-35.8333 -8.7167 0.182741116751269 0.180203045685279 0.637055837563452 0 0
-38.7167 -3.8833 0.652284263959391 0.175126903553299 0.17258883248731 0 0
-38.7167 -3.8833 0.652284263959391 0.175126903553299 0.17258883248731 0 0
-38.7167 -3.8833 0.652284263959391 0.175126903553299 0.17258883248731 0 0
-38.7167 -3.8833 0.652284263959391 0.175126903553299 0.17258883248731 0 0
-38.7167 -3.8833 0.652284263959391 0.175126903553299 0.17258883248731 0 0
-38.7167 -3.8833 0.652284263959391 0.175126903553299 0.17258883248731 0 0
-38.7167 -3.8833 0.652284263959391 0.175126903553299 0.17258883248731 0 0
-35.1833 -8.0167 0.180203045685279 0.180203045685279 0.639593908629442 0 0
-35.1833 -8.0167 0.180203045685279 0.180203045685279 0.639593908629442 0 0
-35.1833 -8.0167 0.180203045685279 0.180203045685279 0.639593908629442 0 0
-35.1833 -8.0167 0.180203045685279 0.180203045685279 0.639593908629442 0 0
-35.1833 -8.0167 0.180203045685279 0.180203045685279 0.639593908629442 0 0
-35.1833 -8.0167 0.180203045685279 0.180203045685279 0.639593908629442 0 0
-35.1833 -8.0167 0.180203045685279 0.180203045685279 0.639593908629442 0 0
