0.0443239132768039 0.380588648463276 0.0903344781176975 -999 -999
0.0224140742620066 0.032457262424683 0.0459462932913178 -999 -999
0.0214251262918608 0.0308863401966265 0.0302195130815749 -999 -999
0.170592647772056 0.0351259577854065 0.19990709449211 -999 -999
0.0245124029526887 0.0295503837247944 0.0664772989134468 -999 -999
0.118911672513443 0.0299603715627981 0.0576816848692409 -999 -999
0.05853148523533 0.0312162327376492 0.019100262830502 -999 -999
0.0768227704897932 0.0257964055324317 0.0230319581777882 -999 -999
0.0377749717274852 0.0300876501826504 0.0178459255863462 -999 -999
0.0426085224181896 0.029375303355983 0.032017673393713 -999 -999
0.0823448048494564 0.0279556708951339 0.0225961436641225 -999 -999
0.0399948060621394 0.0296693598395702 0.0178051586950758 -999 -999
0.0402367130713364 0.0273435927092439 0.017429584524513 -999 -999
0.025418899283795 0.0274909827976283 0.0511183988118281 -999 -999
0.0266650472443806 0.0288280156510099 0.0634349785190646 -999 -999
0.0234680750950417 0.0273784425961034 0.0321490082336605 -999 -999
0.028348924916839 0.0272905442436847 0.0928300733779015 -999 -999
0.0223041629156944 0.0286512838364348 0.0323844753548587 -999 -999
0.0229574579985178 0.0316753474427017 0.0477566448917291 -999 -999
0.0703435216231431 0.0886722040221911 0.0399333511735085 -999 -999
-999 -999 -999 -999 -999
0.0417402576013609 0.0286072060149439 0.034033101454679 -999 -999
0.0219094970240773 0.0285324808332427 0.0326925248757857 -999 -999
0.02185730338438 0.0293093961731349 0.0317948073963295 -999 -999
0.0249330068934335 0.368210577796069 0.0451540835295006 -999 -999
0.186751764310967 0.0317463011133899 0.239750238705055 -999 -999
0.0226166397030671 0.0303607594272116 0.0289321867321089 -999 -999
0.0805571137518481 0.0288532647083172 0.0208668220644157 -999 -999
0.0569703763589842 0.0280598149854407 0.0196938216422756 -999 -999
0.0806457497668752 0.0267627744734454 0.0227957182084636 -999 -999
0.0387532466548301 0.0274724892837552 0.0189123922246023 -999 -999
0.0859051565951554 0.0283591405095787 0.0241397302733265 -999 -999
0.0398122846452026 0.0264340862264003 0.0173950507822306 -999 -999
0.0414879541641957 0.0292239768284809 0.0177866974133825 -999 -999
0.0218040527654897 0.026888343116531 0.0327243337571262 -999 -999
0.0214033484581646 0.0272861694096557 0.0331214160139901 -999 -999
0.0236096351329659 0.026914483931945 0.0459184519827987 -999 -999
0.0203585883679246 0.0274339780289021 0.0310337667455461 -999 -999
0.0227023326538071 0.0274530481030452 0.0339578078671852 -999 -999
0.0256899768002183 0.0274816750639213 0.077118091614498 -999 -999
0.0236119099433329 0.0269633365259199 0.0307218433754531 -999 -999
0.09687980502372 0.0976466974466696 0.161457113341247 -999 -999
0.454933275553994 0.0428969341865051 0.34869206597037 -999 -999
0.0755171367119978 0.0374851881711431 0.0419664283630259 -999 -999
0.0416941075071914 0.157540988606243 0.156685661770517 -999 -999
0.0302673071587116 0.0414376001435556 0.0561582211187116 -999 -999
0.0828852278358542 0.0405694969398588 0.0215574999344411 -999 -999
0.0512730319521955 0.036575442986323 0.0209940737820855 -999 -999
0.0736126798751924 0.0392277160245367 0.0232456071780326 -999 -999
0.0275552929609694 0.0385576831533135 0.0359852233349993 -999 -999
0.0266762554484699 0.325266800430153 0.0199351245013712 -999 -999
0.0321510923730769 0.0386533669557527 0.074646249547308 -999 -999
0.103434592622347 0.201788782402616 0.200133844499138 -999 -999
-999 -999 -999 -999 -999
-999 -999 -999 -999 -999
-999 -999 -999 -999 -999
-999 -999 -999 -999 -999
-999 -999 -999 -999 -999
-999 -999 -999 -999 -999
-999 -999 -999 -999 -999
-999 -999 -999 -999 -999
-999 -999 -999 -999 -999
-999 -999 -999 -999 -999
-999 -999 -999 -999 -999
-999 -999 -999 -999 -999
-999 -999 -999 -999 -999
-999 -999 -999 -999 -999
-999 -999 -999 -999 -999
-999 -999 -999 -999 -999
-999 -999 -999 -999 -999
-999 -999 -999 -999 -999
-999 -999 -999 -999 -999
-999 -999 -999 -999 -999
-999 -999 -999 -999 -999
-999 -999 -999 -999 -999
-999 -999 -999 -999 -999
-999 -999 -999 -999 -999
-999 -999 -999 -999 -999
-999 -999 -999 -999 -999
-999 -999 -999 -999 -999
-999 -999 -999 -999 -999
-999 -999 -999 -999 -999
-999 -999 -999 -999 -999
-999 -999 -999 -999 -999
-999 -999 -999 -999 -999
-999 -999 -999 -999 -999
-999 -999 -999 -999 -999
-999 -999 -999 -999 -999
-999 -999 -999 -999 -999
-999 -999 -999 -999 -999
-999 -999 -999 -999 -999
-999 -999 -999 -999 -999
-999 -999 -999 -999 -999
-999 -999 -999 -999 -999
-999 -999 -999 -999 -999
-999 -999 -999 -999 -999
-999 -999 -999 -999 -999
-999 -999 -999 -999 -999
-999 -999 -999 -999 -999
-999 -999 -999 -999 -999
-999 -999 -999 -999 -999
-999 -999 -999 -999 -999
-999 -999 -999 -999 -999
-999 -999 -999 -999 -999
-999 -999 -999 -999 -999
