33
14
32
21
19
3
10
11
43
44
22
14
7
9
38
11
46
44
9
11
19
9
26
16
16
11
4
9
3
10
4
8
16
20
11
24
32
3
8
17
6
14
34
33
41
4
10
13
30
35
25
16
22
30
9
7
12
12
7
11
11
9
12
11
16
34
25
23
8
14
20
15
15
33
32
29
45
15
4
22
31
13
17
7
6
27
21
4
32
19
47
23
8
14
14
27
25
29
27
25
24
16
5
13
5
43
23
17
17
34
21
22
17
13
6
22
26
28
33
36
33
9
17
15
23
29
21
6
4
23
21
8
7
8
16
18
18
11
31
16
23
13
22
12
18
23
46
14
6
5
22
27
12
21
13
22
20
32
8
4
29
47
33
19
17
37
10
10
13
28
35
29
35
3
21
12
3
14
33
31
33
35
12
25
38
28
35
34
7
21
2
6
3
15
20
35
34
18
9
4
41
38
32
17
23
22
7
27
22
29
4
39
13
15
24
42
23
9
19
43
10
28
12
13
25
36
13
31
37
27
18
23
5
28
22
21
23
30
31
18
18
12
25
8
6
5
15
11
9
25
29
7
5
15
28
17
15
17
11
34
13
4
8
4
24
20
15
8
16
6
11
49
30
24
4
13
21
5
3
8
16
33
15
6
7
22
19
30
24
6
10
22
44
22
21
8
8
23
28
22
16
25
17
23
38
13
4
42
10
6
14
33
33
21
34
4
17
13
16
31
28
3
12
17
5
17
25
17
38
25
15
35
24
9
11
20
11
31
45
21
12
25
20
18
16
6
39
6
7
19
16
16
17
17
33
15
8
22
37
30
37
36
22
18
12
6
11
9
11
5
19
25
30
17
13
19
6
7
25
45
12
10
15
7
34
12
33
4
15
25
34
29
15
20
15
14
9
3
10
13
9
7
3
9
9
5
10
7
9
3
7
6
21
13
25
26
21
22
34
22
9
11
24
25
20
14
20
40
14
7
5
31
39
53
35
7
4
17
38
9
43
25
28
6
10
33
26
37
8
28
30
4
17
12
19
36
26
3
25
19
13
11
9
22
27
40
41
40
42
50
32
37
24
20
13
23
41
48
35
21
11
26
24
23
3
13
13
6
16
24
23
11
28
18
28
27
30
39
31
34
28
24
6
37
35
21
27
32
19
20
25
22
20
30
14
24
16
36
34
14
25
28
26
32
18
13
26
14
6
25
37
37
17
25
22
31
4
11
25
21
15
13
8
30
20
2
3
2
2
3
2
5
2
16
17
10
8
3
4
2
25
21
29
7
35
25
8
17
31
36
33
41
21
33
38
32
9
9
4
6
9
14
12
17
15
6
5
24
12
18
11
4
3
31
17
12
18
20
23
7
13
14
8
35
22
12
36
33
30
12
17
29
28
29
37
22
16
7
7
28
21
47
25
16
8
6
15
10
6
4
17
8
6
19
4
7
24
48
46
37
23
3
27
16
32
20
3
10
31
18
36
16
32
13
9
32
6
29
12
28
34
35
14
13
7
3
18
29
12
19
14
34
21
9
15
14
24
21
29
12
24
5
14
27
20
28
33
11
22
27
16
15
8
7
10
30
4
7
4
5
4
10
18
6
6
8
4
14
3
15
4
7
18
7
8
12
32
4
18
25
22
26
20
44
10
27
35
27
20
17
20
25
39
16
28
5
6
10
13
29
31
18
13
9
24
25
25
16
5
20
22
24
30
19
46
17
4
6
24
4
36
29
6
17
6
22
13
34
29
28
34
8
16
15
2
18
16
6
23
23
14
17
12
25
25
20
43
23
30
25
16
18
12
6
18
20
5
21
7
28
22
16
10
7
16
14
14
6
13
22
46
42
26
33
23
28
14
6
17
6
12
16
15
25
25
27
10
4
9
8
23
14
18
10
9
12
10
26
15
10
18
7
24
24
28
43
25
11
24
31
28
36
27
10
4
18
16
28
8
34
26
31
34
22
31
25
40
33
25
17
11
7
19
12
17
9
11
15
7
6
22
36
8
21
20
25
32
19
15
10
37
26
18
6
23
20
26
21
3
23
32
28
12
31
27
24
17
12
14
9
13
14
9
20
6
8
8
10
19
20
18
32
31
5
14
16
31
21
22
23
9
20
6
8
8
10
8
6
31
19
8
13
7
6
35
12
7
8
9
42
27
15
37
7
10
22
24
31
10
17
13
27
29
23
19
21
13
10
23
17
6
10
3
35
28
22
34
29
34
14
29
43
48
52
24
9
5
8
17
8
5
16
31
41
23
11
16
20
14
6
