-35.3667 -7.6 0.2109375 0.205729166666667 0.583333333333333 0 0
-35.3667 -7.6 0.2109375 0.205729166666667 0.583333333333333 0 0
-35.3667 -7.6 0.2109375 0.205729166666667 0.583333333333333 0 0
-35.3667 -7.6 0.2109375 0.205729166666667 0.583333333333333 0 0
-35.3667 -7.6 0.2109375 0.205729166666667 0.583333333333333 0 0
-35.3667 -7.6 0.2109375 0.205729166666667 0.583333333333333 0 0
-36.0167 -8.3667 0.606770833333333 0.169270833333333 0.223958333333333 0 0
-36.0167 -8.3667 0.606770833333333 0.169270833333333 0.223958333333333 0 0
-36.0167 -8.3667 0.606770833333333 0.169270833333333 0.223958333333333 0 0
-36.0167 -8.3667 0.606770833333333 0.169270833333333 0.223958333333333 0 0
-36.0167 -8.3667 0.606770833333333 0.169270833333333 0.223958333333333 0 0
-36.0167 -8.3667 0.606770833333333 0.169270833333333 0.223958333333333 0 0
-36.0167 -8.3667 0.606770833333333 0.169270833333333 0.223958333333333 0 0
-36.0167 -8.3667 0.606770833333333 0.169270833333333 0.223958333333333 0 0
-36.0167 -8.3667 0.606770833333333 0.169270833333333 0.223958333333333 0 0
-36.4 -8.2 0.609375 0.169270833333333 0.221354166666667 0 0
-36.4 -8.2 0.609375 0.169270833333333 0.221354166666667 0 0
-36.4 -8.2 0.609375 0.169270833333333 0.221354166666667 0 0
-36.4 -8.2 0.609375 0.169270833333333 0.221354166666667 0 0
-36.4 -8.2 0.609375 0.169270833333333 0.221354166666667 0 0
-35.8333 -8.7167 0.2109375 0.169270833333333 0.619791666666667 0 0
-35.8333 -8.7167 0.2109375 0.169270833333333 0.619791666666667 0 0
-35.8333 -8.7167 0.2109375 0.169270833333333 0.619791666666667 0 0
-35.8333 -8.7167 0.2109375 0.169270833333333 0.619791666666667 0 0
-35.8333 -8.7167 0.2109375 0.169270833333333 0.619791666666667 0 0
-35.8333 -8.7167 0.2109375 0.169270833333333 0.619791666666667 0 0
-35.8333 -8.7167 0.2109375 0.169270833333333 0.619791666666667 0 0
-35.8333 -8.7167 0.2109375 0.169270833333333 0.619791666666667 0 0
-38.7167 -3.8833 0.169270833333333 0.661458333333333 0.169270833333333 0 0
-38.7167 -3.8833 0.169270833333333 0.661458333333333 0.169270833333333 0 0
-38.7167 -3.8833 0.169270833333333 0.661458333333333 0.169270833333333 0 0
-38.7167 -3.8833 0.169270833333333 0.661458333333333 0.169270833333333 0 0
-38.7167 -3.8833 0.169270833333333 0.661458333333333 0.169270833333333 0 0
-38.7167 -3.8833 0.169270833333333 0.661458333333333 0.169270833333333 0 0
-38.7167 -3.8833 0.169270833333333 0.661458333333333 0.169270833333333 0 0
-35.1833 -8.0167 0.208333333333333 0.169270833333333 0.622395833333333 0 0
-35.1833 -8.0167 0.208333333333333 0.169270833333333 0.622395833333333 0 0
-35.1833 -8.0167 0.208333333333333 0.169270833333333 0.622395833333333 0 0
-35.1833 -8.0167 0.208333333333333 0.169270833333333 0.622395833333333 0 0
-35.1833 -8.0167 0.208333333333333 0.169270833333333 0.622395833333333 0 0
-35.1833 -8.0167 0.208333333333333 0.169270833333333 0.622395833333333 0 0
-35.1833 -8.0167 0.208333333333333 0.169270833333333 0.622395833333333 0 0
