0.393067675238621 0.0938989391504462 0.0432867349141106 -999 -999
0.0337332042842799 0.0443795710731232 0.0215904962756151 -999 -999
0.0322324498082053 0.0300533222320144 0.0216137342283034 -999 -999
0.0380445472939036 0.201796430042931 0.168101211617228 -999 -999
0.0298659785865938 0.0749063815024259 0.0221307095321763 -999 -999
0.0280303705909642 0.0499703520784138 0.120543618397654 -999 -999
0.0267194774179923 0.0174434226148949 0.0591375640805911 -999 -999
0.0274544492843934 0.0169649673829586 0.0815030156450172 -999 -999
0.0282683917044778 0.0163906489058793 0.0422062834941941 -999 -999
0.0293363746937387 0.0322712276832237 0.0435940181893957 -999 -999
0.0302262094055268 0.0184343707939455 0.094312194875506 -999 -999
0.0302582365842407 0.0158105238724031 0.042716154189295 -999 -999
0.0279189618231398 0.0165688607692445 0.040716243280417 -999 -999
0.0277350994392699 0.0580130475842906 0.0207977700644645 -999 -999
0.0274141522902065 0.0638362675689099 0.022066522658021 -999 -999
0.0269685752359113 0.0338572862460829 0.0232277291024111 -999 -999
0.026254667314588 0.0995964832836124 0.0200102901288615 -999 -999
0.029044187363919 0.0306688259860494 0.0238923299962308 -999 -999
0.0263154685387819 0.0473690631946494 0.0202445026111476 -999 -999
0.0811115231012457 0.0377700080345016 0.0683088767193604 -999 -999
-999 -999 -999 -999 -999
0.0294947119608115 0.0316637869519561 0.0408007156314132 -999 -999
0.0310211497708103 0.0309450862140518 0.0213294934447035 -999 -999
0.0322398034864518 0.030742597075011 0.0196908037798571 -999 -999
0.353755705996393 0.047346267114674 0.0199333112477271 -999 -999
0.0319731471866571 0.240057164412794 0.178848245160985 -999 -999
0.0300782990216745 0.031003118533407 0.0202475785135529 -999 -999
0.0275809204250071 0.0182470513575341 0.0864835369847713 -999 -999
0.0279705541054835 0.0166311097559685 0.0642556761224766 -999 -999
0.0278810266118303 0.0180443053740593 0.0865056799463462 -999 -999
0.0292238466972974 0.0172014910996937 0.0415874115685636 -999 -999
0.0304890102956875 0.0161496827900015 0.0990330518641099 -999 -999
0.0256421921034503 0.0167611414878872 0.0398676447052749 -999 -999
0.028409344770511 0.0170873367157167 0.0401053726745979 -999 -999
0.0261657002346276 0.0326144503250032 0.0194523513297559 -999 -999
0.0275374975607293 0.0341660486219211 0.0210859313509537 -999 -999
0.027593578457361 0.0482154865380225 0.021611129402605 -999 -999
0.0293895350160433 0.0345426039793458 0.0208810940655531 -999 -999
0.024530385478558 0.0338741365458253 0.0212184268819962 -999 -999
0.0280458796574377 0.0848184485016476 0.0226329383966277 -999 -999
0.0280887133009834 0.0309267767739333 0.0215416653807389 -999 -999
0.102888997862195 0.168961909831546 0.0928879415473905 -999 -999
0.0466010422311507 0.326508830768478 0.478924712591504 -999 -999
0.0463912787203486 0.0388704648689484 0.0756069715697266 -999 -999
0.150905736623761 0.167482118821155 0.0253322513007169 -999 -999
0.0423076955560328 0.0605889098343014 0.0277169902988854 -999 -999
0.0367645128593558 0.0233979012217979 0.0815047983354353 -999 -999
0.0369500001485569 0.0198489087455082 0.0528507481810642 -999 -999
0.0349423498336793 0.0215687374233725 0.0765614709381568 -999 -999
0.0367661731002661 0.0388804686462014 0.0277597925401118 -999 -999
0.323530639250931 0.0210452733342428 0.0250270104792418 -999 -999
0.0434801737003457 0.080940370806757 0.0271397328028433 -999 -999
0.201360397975572 0.200868015529238 0.101575520962314 -999 -999
-999 -999 -999 -999 -999
-999 -999 -999 -999 -999
-999 -999 -999 -999 -999
-999 -999 -999 -999 -999
-999 -999 -999 -999 -999
-999 -999 -999 -999 -999
-999 -999 -999 -999 -999
-999 -999 -999 -999 -999
-999 -999 -999 -999 -999
-999 -999 -999 -999 -999
-999 -999 -999 -999 -999
-999 -999 -999 -999 -999
-999 -999 -999 -999 -999
-999 -999 -999 -999 -999
-999 -999 -999 -999 -999
-999 -999 -999 -999 -999
-999 -999 -999 -999 -999
-999 -999 -999 -999 -999
-999 -999 -999 -999 -999
-999 -999 -999 -999 -999
-999 -999 -999 -999 -999
-999 -999 -999 -999 -999
-999 -999 -999 -999 -999
-999 -999 -999 -999 -999
-999 -999 -999 -999 -999
-999 -999 -999 -999 -999
-999 -999 -999 -999 -999
-999 -999 -999 -999 -999
-999 -999 -999 -999 -999
-999 -999 -999 -999 -999
-999 -999 -999 -999 -999
-999 -999 -999 -999 -999
-999 -999 -999 -999 -999
-999 -999 -999 -999 -999
-999 -999 -999 -999 -999
-999 -999 -999 -999 -999
-999 -999 -999 -999 -999
-999 -999 -999 -999 -999
-999 -999 -999 -999 -999
-999 -999 -999 -999 -999
-999 -999 -999 -999 -999
-999 -999 -999 -999 -999
-999 -999 -999 -999 -999
-999 -999 -999 -999 -999
-999 -999 -999 -999 -999
-999 -999 -999 -999 -999
-999 -999 -999 -999 -999
-999 -999 -999 -999 -999
-999 -999 -999 -999 -999
-999 -999 -999 -999 -999
-999 -999 -999 -999 -999
-999 -999 -999 -999 -999
