39
17
35
21
23
14
36
9
22
33
20
27
6
4
6
7
6
2
8
8
36
41
35
2
4
6
11
3
2
7
5
12
19
21
5
22
21
14
18
22
7
9
4
5
5
12
6
24
16
18
4
8
7
21
25
30
44
32
21
41
35
37
24
26
31
32
49
10
11
8
16
32
20
33
19
20
27
44
13
13
6
41
20
37
14
10
23
18
38
35
17
7
6
3
9
48
32
35
26
28
19
15
19
22
18
3
6
22
25
15
33
14
34
32
28
36
44
15
17
8
23
22
21
20
10
33
13
11
17
15
37
33
41
38
10
24
17
12
9
9
11
29
22
25
10
6
19
19
13
15
14
21
23
10
29
14
31
31
35
28
30
27
35
18
24
14
23
13
13
15
47
27
16
7
18
3
7
12
27
9
7
14
5
16
20
14
19
31
39
21
22
16
19
10
25
33
13
5
20
11
6
8
33
4
13
9
20
30
46
27
20
31
12
26
36
40
32
43
26
14
25
38
50
38
37
35
18
8
32
20
16
13
30
8
17
16
13
19
18
20
24
14
11
15
17
26
16
4
23
41
37
33
41
5
9
21
10
16
37
32
18
11
4
8
10
28
16
24
9
6
41
26
11
3
30
8
11
25
25
8
21
15
5
7
27
26
9
8
8
10
8
6
25
23
22
26
24
47
35
30
3
5
3
6
4
10
33
16
10
9
26
30
34
32
18
14
5
8
15
18
4
7
9
9
35
38
25
13
26
15
51
34
27
12
17
7
34
39
38
46
30
36
29
9
4
4
27
40
23
34
38
24
3
26
22
12
22
19
20
27
38
33
51
26
33
20
32
9
7
5
12
38
21
46
33
31
27
12
10
13
18
31
29
10
8
11
24
14
15
24
8
5
26
38
19
34
14
14
11
19
9
7
29
16
19
23
12
11
39
33
14
40
28
13
33
25
7
32
7
23
33
10
16
23
8
4
8
24
21
20
27
31
25
23
46
9
17
23
24
36
36
41
6
17
11
37
32
4
6
15
13
18
19
19
15
9
23
14
15
5
4
10
17
14
21
6
5
9
4
2
2
4
2
4
16
21
21
6
5
5
4
4
6
5
6
5
11
3
4
3
5
5
10
9
20
9
5
14
3
12
5
11
6
9
6
7
6
8
14
12
4
3
3
3
3
4
8
6
5
4
5
3
7
4
4
5
3
5
4
4
5
4
3
4
6
5
3
4
3
3
4
5
7
8
8
3
5
4
7
4
27
27
3
14
5
5
20
24
8
25
16
14
11
11
26
15
13
25
22
20
30
15
9
12
9
11
22
16
10
10
10
5
8
12
28
16
23
3
17
28
19
27
32
4
22
25
24
9
18
13
7
37
11
31
22
18
24
27
35
31
29
35
22
30
37
28
3
12
14
20
13
5
14
19
13
14
29
9
6
7
4
24
14
49
27
14
12
32
5
15
23
14
11
32
22
32
18
12
28
24
7
9
6
30
10
11
26
17
12
17
15
14
27
24
10
4
24
28
40
23
18
15
15
8
9
23
27
5
10
10
9
17
4
9
9
7
6
8
6
5
15
30
21
24
28
21
23
43
40
20
15
31
40
30
40
41
21
29
16
10
3
9
5
53
7
27
35
31
8
25
13
13
8
38
11
25
21
24
27
34
21
14
6
16
18
18
18
11
27
28
48
33
17
27
34
28
22
39
41
36
33
17
5
40
20
12
29
27
28
33
18
14
17
16
15
13
23
24
12
28
12
15
26
4
21
16
21
16
23
14
7
13
31
44
38
34
45
37
29
38
32
6
27
11
42
29
14
20
31
24
9
20
16
10
33
35
21
34
46
10
31
10
27
48
38
33
29
31
20
3
18
5
17
3
17
21
7
16
9
8
8
15
12
20
19
12
34
23
10
34
8
37
26
28
20
4
11
10
16
9
34
16
29
21
19
25
14
19
25
11
10
28
14
19
16
25
7
18
20
4
7
7
19
24
24
45
42
19
21
21
9
34
14
7
17
17
25
23
19
16
11
31
7
16
18
5
7
18
11
7
24
13
10
9
23
9
10
29
33
7
11
18
4
19
12
8
34
18
22
29
7
8
8
16
48
44
34
10
17
14
24
9
15
26
16
11
6
5
9
18
12
7
47
45
44
28
15
11
7
28
21
6
25
20
14
13
25
10
27
14
33
27
10
10
27
16
7
9
3
14
11
20
13
10
26
38
30
5
24
6
12
8
27
20
10
32
23
19
13
16
9
25
18
10
10
22
4
6
13
30
