-35.3667 -7.6 0.169620253164557 0.615189873417721 0.215189873417722 0 0
-35.3667 -7.6 0.169620253164557 0.615189873417721 0.215189873417722 0 0
-35.3667 -7.6 0.169620253164557 0.615189873417721 0.215189873417722 0 0
-35.3667 -7.6 0.169620253164557 0.615189873417721 0.215189873417722 0 0
-35.3667 -7.6 0.169620253164557 0.615189873417721 0.215189873417722 0 0
-35.3667 -7.6 0.169620253164557 0.615189873417721 0.215189873417722 0 0
-36.0167 -8.3667 0.678481012658228 0.162025316455696 0.159493670886076 0 0
-36.0167 -8.3667 0.678481012658228 0.162025316455696 0.159493670886076 0 0
-36.0167 -8.3667 0.678481012658228 0.162025316455696 0.159493670886076 0 0
-36.0167 -8.3667 0.678481012658228 0.162025316455696 0.159493670886076 0 0
-36.0167 -8.3667 0.678481012658228 0.162025316455696 0.159493670886076 0 0
-36.0167 -8.3667 0.678481012658228 0.162025316455696 0.159493670886076 0 0
-36.0167 -8.3667 0.678481012658228 0.162025316455696 0.159493670886076 0 0
-36.0167 -8.3667 0.678481012658228 0.162025316455696 0.159493670886076 0 0
-36.0167 -8.3667 0.678481012658228 0.162025316455696 0.159493670886076 0 0
-36.4 -8.2 0.678481012658228 0.156962025316456 0.164556962025316 0 0
-36.4 -8.2 0.678481012658228 0.156962025316456 0.164556962025316 0 0
-36.4 -8.2 0.678481012658228 0.156962025316456 0.164556962025316 0 0
-36.4 -8.2 0.678481012658228 0.156962025316456 0.164556962025316 0 0
-36.4 -8.2 0.678481012658228 0.156962025316456 0.164556962025316 0 0
-35.8333 -8.7167 0.174683544303797 0.670886075949367 0.154430379746835 0 0
-35.8333 -8.7167 0.174683544303797 0.670886075949367 0.154430379746835 0 0
-35.8333 -8.7167 0.174683544303797 0.670886075949367 0.154430379746835 0 0
-35.8333 -8.7167 0.174683544303797 0.670886075949367 0.154430379746835 0 0
-35.8333 -8.7167 0.174683544303797 0.670886075949367 0.154430379746835 0 0
-35.8333 -8.7167 0.174683544303797 0.670886075949367 0.154430379746835 0 0
-35.8333 -8.7167 0.174683544303797 0.670886075949367 0.154430379746835 0 0
-35.8333 -8.7167 0.174683544303797 0.670886075949367 0.154430379746835 0 0
-38.7167 -3.8833 0.154430379746835 0.164556962025316 0.681012658227848 0 0
-38.7167 -3.8833 0.154430379746835 0.164556962025316 0.681012658227848 0 0
-38.7167 -3.8833 0.154430379746835 0.164556962025316 0.681012658227848 0 0
-38.7167 -3.8833 0.154430379746835 0.164556962025316 0.681012658227848 0 0
-38.7167 -3.8833 0.154430379746835 0.164556962025316 0.681012658227848 0 0
-38.7167 -3.8833 0.154430379746835 0.164556962025316 0.681012658227848 0 0
-38.7167 -3.8833 0.154430379746835 0.164556962025316 0.681012658227848 0 0
-35.1833 -8.0167 0.177215189873418 0.668354430379747 0.154430379746835 0 0
-35.1833 -8.0167 0.177215189873418 0.668354430379747 0.154430379746835 0 0
-35.1833 -8.0167 0.177215189873418 0.668354430379747 0.154430379746835 0 0
-35.1833 -8.0167 0.177215189873418 0.668354430379747 0.154430379746835 0 0
-35.1833 -8.0167 0.177215189873418 0.668354430379747 0.154430379746835 0 0
-35.1833 -8.0167 0.177215189873418 0.668354430379747 0.154430379746835 0 0
-35.1833 -8.0167 0.177215189873418 0.668354430379747 0.154430379746835 0 0
