-1 29 39 9 3 11 13 3 27 9 4 2 15 54 16 11 24 11 1 19 3 9 23 9 13 23 14 1 6 31 8 15 3 37 5 3 7 20 6 42 6 6 9 21 6 4 15 2 18 3 7 4 7 6 6 6 3 -1 12 2 3 9 3 21 9 9 18 12 1 5 3 9 6 21 57 9 15 21 18 3 3 1 2 3 9 12 3 6 6 18 18 6 6 9 30 3 12 18 9 16 5 7 2 6 18 9 57 33 9 4 5 3 11 4 3 6 15 12 -1 54 25 5 11 5 14 1 1 11 213 28 44 1 135 39 10 7 12 21 6 57 9 6 12 9 29 44 23 41 
AA1 3 0 1 2 2 1 0 1 0 1 1 3 2 3 1 1 0 0 2 1 3 0 1 3 1 0 3 2 0 1 2 2 3 2 0 0 3 2 2 3 1 0 2 1 3 3 2 3 2 1 1 2 2 0 1 3 1 1 1 0 3 1 1 0 0 1 0 0 3 2 2 1 2 1 0 2 1 2 0 1 0 3 1 0 0 2 0 0 0 3 2 3 3 1 3 1 1 2 1 1 0 3 1 2 1 0 3 3 2 1 2 3 2 3 3 0 0 2 -9 -9 -9 -9 -9 -9 -9 -9 -9 -9 -9 -9 -9 -9 -9 -9 -9 -9 -9 -9 -9 -9 -9 -9 -9 -9 -9 -9 -9 -9 
AA2 3 0 1 2 2 1 0 1 0 1 1 3 2 3 1 1 0 0 2 1 3 0 1 3 1 0 3 2 3 1 2 2 0 2 0 0 3 2 2 3 1 0 2 1 3 3 2 3 2 1 1 2 1 0 1 3 1 1 1 0 3 1 1 0 0 1 0 0 3 2 2 1 2 1 0 2 1 1 0 1 0 3 1 0 0 2 0 0 0 3 2 3 3 1 3 1 1 2 1 1 0 3 1 2 1 0 3 3 2 1 2 3 2 3 3 0 0 2 -9 -9 -9 -9 -9 -9 -9 -9 -9 -9 -9 -9 -9 -9 -9 -9 -9 -9 -9 -9 -9 -9 -9 -9 -9 -9 -9 -9 -9 -9 
AA925 3 0 1 2 2 1 0 1 0 1 1 3 2 3 1 1 0 0 2 1 3 0 1 3 1 0 0 2 0 1 2 2 3 2 0 0 3 2 2 3 1 0 2 1 3 3 2 3 2 1 1 2 1 0 1 3 1 1 1 0 3 1 1 0 0 1 0 0 3 2 2 1 2 1 0 2 1 2 0 1 0 3 1 0 0 2 0 0 0 3 2 3 3 1 3 1 1 2 1 1 0 3 1 2 1 0 3 3 2 2 2 3 2 3 3 0 0 2 -9 -9 -9 -9 -9 -9 -9 -9 -9 -9 -9 -9 -9 -9 -9 -9 -9 -9 -9 -9 -9 -9 -9 -9 -9 -9 -9 -9 -9 -9 
AA925_1 -9 -9 -9 -9 -9 -9 -9 -9 -9 -9 -9 -9 -9 -9 -9 -9 -9 -9 -9 -9 -9 -9 -9 -9 -9 -9 -9 -9 -9 -9 -9 -9 -9 -9 -9 -9 -9 -9 -9 -9 -9 -9 -9 -9 -9 -9 -9 -9 -9 -9 -9 -9 -9 -9 -9 -9 -9 -9 -9 -9 -9 -9 -9 -9 -9 -9 -9 -9 -9 -9 -9 -9 -9 -9 -9 -9 -9 -9 -9 -9 -9 -9 -9 -9 -9 -9 -9 -9 -9 -9 -9 -9 -9 -9 -9 -9 -9 -9 -9 -9 -9 -9 -9 -9 -9 -9 -9 -9 -9 -9 -9 -9 -9 -9 -9 -9 -9 -9 1 -9 -9 3 1 1 2 2 3 2 1 0 2 3 2 0 3 2 0 1 1 3 0 1 1 3 0 3 2 0 
AA925_2 -9 -9 -9 -9 -9 -9 -9 -9 -9 -9 -9 -9 -9 -9 -9 -9 -9 -9 -9 -9 -9 -9 -9 -9 -9 -9 -9 -9 -9 -9 -9 -9 -9 -9 -9 -9 -9 -9 -9 -9 -9 -9 -9 -9 -9 -9 -9 -9 -9 -9 -9 -9 -9 -9 -9 -9 -9 -9 -9 -9 -9 -9 -9 -9 -9 -9 -9 -9 -9 -9 -9 -9 -9 -9 -9 -9 -9 -9 -9 -9 -9 -9 -9 -9 -9 -9 -9 -9 -9 -9 -9 -9 -9 -9 -9 -9 -9 -9 -9 -9 -9 -9 -9 -9 -9 -9 -9 -9 -9 -9 -9 -9 -9 -9 -9 -9 -9 -9 1 -9 -9 3 1 1 2 2 3 2 1 0 2 3 2 0 3 2 0 2 1 3 0 1 1 3 0 3 2 0 
AA936 3 0 1 2 2 1 0 1 0 1 1 3 2 3 1 1 0 0 2 1 3 0 1 3 1 0 0 2 0 1 2 2 3 2 0 0 3 2 2 3 1 0 2 1 3 3 2 3 2 1 1 2 1 0 1 3 1 1 1 0 3 2 1 0 0 1 0 0 3 2 2 1 2 1 0 2 1 2 0 1 0 3 1 0 0 2 0 0 0 3 2 3 3 1 3 1 1 2 1 1 0 3 1 2 1 0 3 3 2 1 2 3 2 3 3 0 0 2 -9 -9 -9 -9 -9 -9 -9 -9 -9 -9 -9 -9 -9 -9 -9 -9 -9 -9 -9 -9 -9 -9 -9 -9 -9 -9 -9 -9 -9 -9 
AA936_1 -9 -9 -9 -9 -9 -9 -9 -9 -9 -9 -9 -9 -9 -9 -9 -9 -9 -9 -9 -9 -9 -9 -9 -9 -9 -9 -9 -9 -9 -9 -9 -9 -9 -9 -9 -9 -9 -9 -9 -9 -9 -9 -9 -9 -9 -9 -9 -9 -9 -9 -9 -9 -9 -9 -9 -9 -9 -9 -9 -9 -9 -9 -9 -9 -9 -9 -9 -9 -9 -9 -9 -9 -9 -9 -9 -9 -9 -9 -9 -9 -9 -9 -9 -9 -9 -9 -9 -9 -9 -9 -9 -9 -9 -9 -9 -9 -9 -9 -9 -9 -9 -9 -9 -9 -9 -9 -9 -9 -9 -9 -9 -9 -9 -9 -9 -9 -9 -9 1 -9 -9 3 1 1 2 2 3 -9 2 0 2 3 2 0 3 2 3 -9 2 3 3 2 2 3 0 3 2 0 
AA936_2 -9 -9 -9 -9 -9 -9 -9 -9 -9 -9 -9 -9 -9 -9 -9 -9 -9 -9 -9 -9 -9 -9 -9 -9 -9 -9 -9 -9 -9 -9 -9 -9 -9 -9 -9 -9 -9 -9 -9 -9 -9 -9 -9 -9 -9 -9 -9 -9 -9 -9 -9 -9 -9 -9 -9 -9 -9 -9 -9 -9 -9 -9 -9 -9 -9 -9 -9 -9 -9 -9 -9 -9 -9 -9 -9 -9 -9 -9 -9 -9 -9 -9 -9 -9 -9 -9 -9 -9 -9 -9 -9 -9 -9 -9 -9 -9 -9 -9 -9 -9 -9 -9 -9 -9 -9 -9 -9 -9 -9 -9 -9 -9 -9 -9 -9 -9 -9 -9 1 -9 -9 3 1 1 2 2 3 -9 2 0 2 3 2 0 3 2 0 1 1 3 0 1 2 3 0 3 2 0 
AA946 3 0 1 2 2 1 0 1 0 1 1 3 2 3 1 1 0 0 2 1 3 0 1 3 1 0 3 2 0 1 2 2 3 2 0 0 3 2 2 3 1 0 2 1 3 3 2 3 2 1 1 2 2 0 1 3 1 1 1 0 3 1 1 0 0 1 0 0 3 2 2 1 2 1 0 2 1 2 0 1 0 3 1 0 0 2 0 0 0 3 2 3 3 1 3 1 1 2 1 1 0 3 1 2 1 0 3 3 2 1 2 3 2 3 3 0 0 2 1 3 -9 3 1 1 2 2 3 2 2 0 2 3 0 0 3 1 0 2 1 3 0 1 2 3 0 3 2 0 
AA947 3 0 1 2 2 1 0 1 0 1 1 3 2 3 1 1 0 0 2 1 3 0 1 3 1 0 3 2 0 1 2 2 0 2 0 0 3 2 2 3 1 0 2 1 3 3 2 3 2 1 1 2 1 0 1 3 1 1 1 0 3 1 1 0 0 1 0 0 3 2 2 1 2 1 0 2 1 2 0 1 0 3 1 0 0 2 0 0 0 3 2 0 3 1 3 1 1 2 1 1 0 3 1 2 1 0 3 3 2 1 2 0 2 3 3 0 0 2 -9 -9 -9 -9 -9 -9 -9 -9 -9 -9 -9 -9 -9 -9 -9 -9 -9 -9 -9 -9 -9 -9 -9 -9 -9 -9 -9 -9 -9 -9 
AA947_1 -9 -9 -9 -9 -9 -9 -9 -9 -9 -9 -9 -9 -9 -9 -9 -9 -9 -9 -9 -9 -9 -9 -9 -9 -9 -9 -9 -9 -9 -9 -9 -9 -9 -9 -9 -9 -9 -9 -9 -9 -9 -9 -9 -9 -9 -9 -9 -9 -9 -9 -9 -9 -9 -9 -9 -9 -9 -9 -9 -9 -9 -9 -9 -9 -9 -9 -9 -9 -9 -9 -9 -9 -9 -9 -9 -9 -9 -9 -9 -9 -9 -9 -9 -9 -9 -9 -9 -9 -9 -9 -9 -9 -9 -9 -9 -9 -9 -9 -9 -9 -9 -9 -9 -9 -9 -9 -9 -9 -9 -9 -9 -9 -9 -9 -9 -9 -9 -9 1 -9 -9 3 1 1 2 2 3 2 2 0 2 3 2 0 3 2 0 2 1 3 0 1 1 3 0 3 2 0 
AA948 3 0 1 2 2 1 0 1 0 1 1 3 2 3 1 1 0 0 2 1 3 0 1 3 1 0 3 2 0 1 2 2 3 2 0 0 3 2 2 3 1 0 2 1 3 3 2 3 2 1 1 2 1 0 1 3 1 1 1 0 3 1 1 0 0 1 0 0 3 2 2 1 2 2 0 2 1 2 0 1 0 3 1 0 0 2 0 0 0 3 2 3 3 1 3 1 1 2 1 1 0 3 1 2 1 0 3 3 2 1 2 3 2 3 3 0 0 2 1 -9 -9 3 1 1 2 2 3 2 2 0 2 3 2 0 3 2 0 1 1 3 0 1 2 3 0 3 2 0 
AA949 3 0 1 2 2 1 0 1 0 1 1 3 2 3 1 1 0 0 2 1 3 0 1 3 1 0 3 2 0 1 2 2 3 2 0 0 3 2 2 3 1 0 2 1 3 3 2 3 2 1 1 2 1 0 1 3 1 1 1 0 3 1 1 0 0 1 0 0 3 2 2 1 2 1 0 2 1 2 0 1 0 3 1 0 0 2 0 0 0 3 2 3 3 1 3 1 1 2 1 1 0 3 1 2 1 0 3 3 2 1 2 3 2 0 3 0 0 2 -9 -9 -9 -9 -9 -9 -9 -9 -9 -9 -9 -9 -9 -9 -9 -9 -9 -9 -9 -9 -9 -9 -9 -9 -9 -9 -9 -9 -9 -9 
AA950 3 0 1 2 2 1 0 1 0 1 1 3 2 3 1 1 0 0 2 1 3 0 1 3 1 0 3 2 0 1 2 2 3 2 0 0 3 2 2 3 1 0 2 1 3 3 2 3 2 1 1 2 2 0 1 3 1 1 1 0 3 1 1 0 0 1 0 0 3 2 2 1 2 1 0 2 1 2 0 1 0 3 1 0 0 2 0 0 0 3 2 3 3 1 3 1 1 2 1 1 0 3 1 2 1 0 3 3 2 1 2 3 2 3 3 0 0 2 -9 -9 -9 -9 -9 -9 -9 -9 -9 -9 -9 -9 -9 -9 -9 -9 -9 -9 -9 -9 -9 -9 -9 -9 -9 -9 -9 -9 -9 -9 
BC726 3 0 2 2 2 0 3 1 3 1 2 3 2 2 1 2 0 0 1 1 0 0 1 3 2 2 0 1 0 1 2 2 0 2 0 2 3 2 2 0 1 0 1 1 0 0 1 3 2 3 1 2 1 0 2 3 1 1 2 0 0 2 1 3 0 1 0 3 3 2 2 2 2 1 3 2 2 2 0 2 0 3 2 0 0 2 0 0 3 0 2 3 3 1 3 1 1 2 2 1 0 3 1 2 2 0 0 3 1 1 1 3 2 3 3 0 3 2 -9 -9 -9 -9 -9 -9 -9 -9 -9 -9 -9 -9 -9 -9 -9 -9 -9 -9 -9 -9 -9 -9 -9 -9 -9 -9 -9 -9 -9 -9 
BC727 3 0 2 2 2 0 3 1 3 1 2 3 2 2 1 2 0 0 1 1 0 0 1 3 2 2 0 1 0 1 2 2 0 2 0 2 3 2 2 0 1 0 1 1 0 0 1 3 2 3 1 2 1 0 2 3 1 1 2 0 0 2 1 3 0 1 0 3 3 2 2 2 2 1 3 2 2 2 0 2 0 3 2 0 0 2 0 0 3 0 2 3 3 1 3 1 1 2 2 1 0 3 1 2 2 0 0 3 1 1 1 3 2 3 3 0 3 2 -9 -9 -9 -9 -9 -9 -9 -9 -9 -9 -9 -9 -9 -9 -9 -9 -9 -9 -9 -9 -9 -9 -9 -9 -9 -9 -9 -9 -9 -9 
BC728 3 0 2 2 2 0 3 1 3 1 1 3 2 2 1 2 0 0 1 1 0 0 1 3 2 2 0 1 0 1 2 2 0 2 0 2 0 2 2 0 1 0 1 1 0 0 1 3 2 3 1 2 1 0 2 3 1 1 2 3 3 2 1 3 0 1 0 3 3 2 2 2 2 1 3 2 2 2 0 2 0 3 2 0 0 2 2 0 3 0 2 3 3 1 3 1 1 2 2 1 0 3 1 2 2 0 0 3 1 1 1 3 2 3 3 0 3 2 1 -9 2 3 1 1 2 2 3 2 2 0 2 3 2 -9 -9 2 0 1 1 3 0 1 1 0 0 3 2 0 
BC729 3 0 2 2 2 0 3 1 3 1 2 3 2 2 1 2 0 0 1 1 0 0 1 3 2 2 0 1 0 1 2 2 0 2 0 2 3 2 2 0 1 0 1 1 0 0 1 3 2 3 1 2 1 0 2 3 1 1 2 0 0 2 1 3 0 1 0 3 3 2 2 2 2 1 3 2 2 2 0 2 0 3 2 0 0 2 0 0 3 0 2 3 3 1 3 1 1 2 2 1 0 3 1 2 2 0 0 3 1 1 1 3 2 3 3 0 3 2 -9 -9 -9 -9 -9 -9 -9 -9 -9 -9 -9 -9 -9 -9 -9 -9 -9 -9 -9 -9 -9 -9 -9 -9 -9 -9 -9 -9 -9 -9 
BC729_1 -9 -9 -9 -9 -9 -9 -9 -9 -9 -9 -9 -9 -9 -9 -9 -9 -9 -9 -9 -9 -9 -9 -9 -9 -9 -9 -9 -9 -9 -9 -9 -9 -9 -9 -9 -9 -9 -9 -9 -9 -9 -9 -9 -9 -9 -9 -9 -9 -9 -9 -9 -9 -9 -9 -9 -9 -9 -9 -9 -9 -9 -9 -9 -9 -9 -9 -9 -9 -9 -9 -9 -9 -9 -9 -9 -9 -9 -9 -9 -9 -9 -9 -9 -9 -9 -9 -9 -9 -9 -9 -9 -9 -9 -9 -9 -9 -9 -9 -9 -9 -9 -9 -9 -9 -9 -9 -9 -9 -9 -9 -9 -9 -9 -9 -9 -9 -9 -9 1 -9 2 3 1 1 2 -9 3 2 1 0 2 3 2 1 1 2 3 2 1 3 0 1 1 3 0 3 2 0 
BC729_2 -9 -9 -9 -9 -9 -9 -9 -9 -9 -9 -9 -9 -9 -9 -9 -9 -9 -9 -9 -9 -9 -9 -9 -9 -9 -9 -9 -9 -9 -9 -9 -9 -9 -9 -9 -9 -9 -9 -9 -9 -9 -9 -9 -9 -9 -9 -9 -9 -9 -9 -9 -9 -9 -9 -9 -9 -9 -9 -9 -9 -9 -9 -9 -9 -9 -9 -9 -9 -9 -9 -9 -9 -9 -9 -9 -9 -9 -9 -9 -9 -9 -9 -9 -9 -9 -9 -9 -9 -9 -9 -9 -9 -9 -9 -9 -9 -9 -9 -9 -9 -9 -9 -9 -9 -9 -9 -9 -9 -9 -9 -9 -9 -9 -9 -9 -9 -9 -9 1 -9 2 3 1 1 2 -9 3 2 2 0 2 3 2 0 3 2 0 -9 1 3 0 1 1 3 0 3 2 0 
BC730 3 0 2 2 2 0 3 1 3 2 2 3 2 2 1 2 0 0 2 1 0 0 1 3 2 2 0 1 0 1 2 2 0 2 0 2 3 2 2 0 1 3 1 1 0 0 1 3 2 3 1 2 1 0 2 3 1 1 2 0 0 2 1 3 0 1 0 3 3 2 2 2 2 1 3 2 2 2 0 2 0 3 2 0 0 2 0 0 3 0 2 3 3 1 3 1 1 2 2 1 0 3 1 2 2 0 0 3 1 1 1 3 2 3 3 0 3 2 -9 -9 -9 -9 -9 -9 -9 -9 -9 -9 -9 -9 -9 -9 -9 -9 -9 -9 -9 -9 -9 -9 -9 -9 -9 -9 -9 -9 -9 -9 
BC763 3 0 2 2 2 0 3 1 3 1 1 3 2 2 1 2 0 0 1 1 0 0 1 3 2 2 0 1 0 1 2 2 0 2 0 2 3 2 2 0 1 0 1 1 0 0 1 3 2 3 1 2 1 0 2 3 1 1 2 0 3 2 1 3 0 1 0 3 3 2 2 2 2 1 3 2 2 2 0 2 0 3 2 0 0 2 0 0 3 0 2 3 3 1 3 1 1 2 2 1 0 3 1 2 2 0 0 3 1 1 1 3 2 3 3 0 3 2 -9 -9 -9 -9 -9 -9 -9 -9 -9 -9 -9 -9 -9 -9 -9 -9 -9 -9 -9 -9 -9 -9 -9 -9 -9 -9 -9 -9 -9 -9 
BC765 3 0 2 2 2 0 3 1 3 1 2 3 2 2 1 2 0 0 1 1 0 0 1 3 2 2 0 1 0 1 2 2 0 2 0 2 3 2 2 0 1 0 1 1 0 0 1 3 2 3 1 2 1 0 2 3 1 1 2 0 0 2 1 3 0 1 0 3 3 2 2 2 2 1 3 2 2 2 0 2 0 3 2 0 0 2 0 0 3 0 2 3 3 1 3 1 1 2 2 1 0 3 1 2 2 0 0 3 1 1 1 3 2 3 3 0 3 2 1 0 2 3 1 1 2 0 3 2 -9 0 2 3 2 1 1 2 -9 -9 1 3 0 1 1 3 0 3 2 0 
BC766 3 0 2 2 2 0 3 1 3 1 1 3 2 2 1 2 0 0 1 1 0 0 1 3 2 2 0 1 0 1 2 2 0 2 0 2 3 2 2 0 1 0 1 1 0 0 1 3 2 3 1 2 1 0 2 3 1 1 2 0 3 2 1 3 0 1 0 3 3 2 2 2 2 1 3 2 2 2 0 2 0 3 2 0 0 2 0 0 3 0 2 3 3 1 3 1 1 2 2 1 0 3 1 2 2 0 0 3 1 1 1 3 2 3 3 0 3 2 1 0 2 3 1 1 2 2 3 2 2 0 2 3 2 0 3 2 0 1 1 3 0 1 1 3 0 3 2 0 
BC767 3 0 2 2 2 0 3 1 3 1 2 3 2 2 1 2 0 0 1 1 0 0 1 3 2 2 0 1 0 1 2 2 0 2 0 2 3 2 2 0 1 0 1 1 0 0 1 3 2 3 1 2 1 0 2 3 1 1 2 0 0 2 1 3 0 1 0 3 3 2 2 2 2 1 3 2 2 2 0 2 0 3 2 0 0 2 0 0 3 0 2 3 3 1 3 1 1 2 2 1 0 3 1 2 2 0 0 3 1 1 1 3 2 3 3 0 3 2 -9 -9 -9 -9 -9 -9 -9 -9 -9 -9 -9 -9 -9 -9 -9 -9 -9 -9 -9 -9 -9 -9 -9 -9 -9 -9 -9 -9 -9 -9 
BC768 3 0 2 2 2 0 3 1 3 1 1 3 2 2 2 2 0 0 1 1 0 0 1 3 2 2 0 1 0 1 2 2 0 2 0 2 3 2 2 0 1 0 1 1 0 0 1 3 2 3 1 2 1 0 2 3 1 1 2 0 3 2 1 3 0 1 0 3 3 2 2 2 2 1 3 2 2 2 0 2 0 3 2 0 0 2 0 0 3 0 2 3 3 1 0 1 1 2 2 1 0 3 1 2 2 0 0 3 1 1 1 3 2 3 0 0 3 2 -9 -9 -9 -9 -9 -9 -9 -9 -9 -9 -9 -9 -9 -9 -9 -9 -9 -9 -9 -9 -9 -9 -9 -9 -9 -9 -9 -9 -9 -9 
BC769 3 0 2 2 2 0 3 1 3 1 1 3 2 2 1 2 0 0 1 1 0 0 1 3 2 2 0 1 0 1 2 2 0 2 0 2 3 2 2 0 1 0 1 1 0 0 1 3 2 3 1 2 1 0 2 3 1 1 2 0 3 2 1 3 0 1 0 3 3 2 2 2 2 1 3 2 2 2 0 2 0 3 2 0 0 2 0 0 3 0 2 3 3 1 3 1 1 2 2 1 0 3 1 2 2 0 0 3 1 1 1 3 2 3 3 0 3 2 -9 -9 -9 -9 -9 -9 -9 -9 -9 -9 -9 -9 -9 -9 -9 -9 -9 -9 -9 -9 -9 -9 -9 -9 -9 -9 -9 -9 -9 -9 
BC770 3 0 2 2 2 0 3 1 3 1 2 3 2 2 1 2 0 0 1 1 0 0 1 3 2 2 0 1 0 1 2 2 0 2 0 2 3 2 2 0 1 0 1 1 0 0 1 3 2 3 1 2 1 0 2 3 1 1 2 0 0 2 1 3 0 1 0 3 3 2 2 2 2 1 3 2 2 2 0 2 0 3 2 0 0 2 0 0 3 0 2 3 3 1 3 1 1 2 2 1 0 3 1 2 2 0 0 3 1 1 1 3 2 3 3 0 3 2 -9 -9 -9 -9 -9 -9 -9 -9 -9 -9 -9 -9 -9 -9 -9 -9 -9 -9 -9 -9 -9 -9 -9 -9 -9 -9 -9 -9 -9 -9 
BC772 3 0 2 2 2 0 3 1 3 1 2 3 2 2 1 2 0 0 1 1 0 0 1 3 2 2 0 1 0 1 2 2 0 2 0 2 3 2 2 0 1 0 1 1 0 0 1 3 2 3 1 2 1 0 2 3 1 1 2 0 0 2 1 3 0 1 0 3 3 2 2 2 2 1 3 2 2 2 0 2 0 3 2 0 0 2 0 0 3 0 2 3 3 1 3 1 1 2 2 1 0 3 1 2 2 0 0 3 1 1 1 3 2 3 3 0 3 2 -9 -9 -9 -9 -9 -9 -9 -9 -9 -9 -9 -9 -9 -9 -9 -9 -9 -9 -9 -9 -9 -9 -9 -9 -9 -9 -9 -9 -9 -9 
BC773 3 0 2 2 2 0 3 1 3 1 2 3 2 2 1 2 0 0 1 1 0 0 1 3 2 2 0 1 0 1 2 2 0 2 0 2 3 2 2 0 1 0 1 1 0 0 1 3 2 3 1 2 1 0 2 3 1 1 2 0 0 2 1 3 0 1 0 3 3 2 2 2 2 1 3 2 2 2 0 2 0 3 2 0 0 2 0 0 3 0 2 3 3 1 3 1 1 2 2 1 0 3 1 2 2 0 0 3 1 1 1 3 2 3 3 0 3 2 -9 -9 -9 -9 -9 -9 -9 -9 -9 -9 -9 -9 -9 -9 -9 -9 -9 -9 -9 -9 -9 -9 -9 -9 -9 -9 -9 -9 -9 -9 
BC774 3 0 2 2 2 0 3 1 3 1 1 3 2 2 1 2 0 0 1 1 0 0 1 3 2 2 0 1 0 1 2 2 0 2 0 2 3 2 2 0 1 0 1 1 0 0 1 3 2 3 1 2 1 0 2 3 1 1 2 0 3 2 1 3 0 1 0 3 3 2 2 2 2 1 3 2 2 2 0 2 0 3 2 0 0 2 2 0 3 0 2 3 3 1 3 1 1 2 2 1 0 0 1 2 2 0 0 3 1 1 1 3 2 3 3 0 3 2 -9 -9 -9 -9 -9 -9 -9 -9 -9 -9 -9 -9 -9 -9 -9 -9 -9 -9 -9 -9 -9 -9 -9 -9 -9 -9 -9 -9 -9 -9 
BC775 3 0 2 2 2 0 3 1 3 1 2 3 2 2 1 2 0 0 1 1 0 0 1 3 2 2 0 1 0 1 2 2 0 2 0 2 3 2 2 0 1 0 1 1 0 0 1 3 2 3 1 2 1 0 2 3 1 1 2 0 0 2 1 3 0 1 0 3 3 2 2 2 2 1 3 2 2 2 0 2 0 3 2 0 0 2 0 0 3 0 2 3 3 1 3 1 1 2 2 1 0 3 1 2 2 0 0 3 1 1 1 3 2 3 3 0 3 2 -9 -9 -9 -9 -9 -9 -9 -9 -9 -9 -9 -9 -9 -9 -9 -9 -9 -9 -9 -9 -9 -9 -9 -9 -9 -9 -9 -9 -9 -9 
BC790 3 0 2 2 2 0 3 1 3 1 2 3 2 2 1 2 0 0 1 1 0 0 1 3 2 2 0 1 0 1 2 2 0 2 0 2 3 2 2 0 1 0 1 1 0 0 1 3 2 3 1 2 1 0 2 3 1 1 2 0 0 2 1 3 0 1 0 3 3 2 2 2 2 1 3 2 2 2 0 2 0 3 2 0 0 2 0 0 3 0 2 3 3 1 3 1 1 2 2 1 0 3 1 2 2 0 0 3 1 1 1 3 2 3 3 3 3 2 -9 -9 -9 -9 -9 -9 -9 -9 -9 -9 -9 -9 -9 -9 -9 -9 -9 -9 -9 -9 -9 -9 -9 -9 -9 -9 -9 -9 -9 -9 
BC792 3 0 2 2 2 0 3 1 3 1 2 3 2 2 1 2 0 0 1 1 0 0 1 3 2 2 0 1 0 1 2 2 0 2 0 2 3 2 2 0 1 0 1 1 0 0 1 3 2 3 1 2 1 0 2 3 1 1 2 0 0 2 1 3 0 1 0 3 3 2 2 2 2 1 3 2 2 2 0 2 0 0 2 0 0 2 0 0 3 0 2 3 3 1 3 1 1 2 2 1 0 3 1 2 2 0 0 3 1 1 1 3 2 3 3 0 3 2 -9 -9 -9 -9 -9 -9 -9 -9 -9 -9 -9 -9 -9 -9 -9 -9 -9 -9 -9 -9 -9 -9 -9 -9 -9 -9 -9 -9 -9 -9 
BMD375 3 0 2 2 2 0 3 1 3 1 1 3 2 3 1 2 0 0 1 1 0 0 1 3 2 2 0 2 0 1 2 2 0 2 0 2 3 2 2 0 1 0 1 1 0 0 1 3 2 3 1 2 1 0 2 3 1 1 2 0 3 2 1 3 0 1 0 3 3 2 2 2 2 1 3 2 2 2 0 2 0 3 2 0 0 2 0 0 3 3 2 3 3 1 0 1 1 2 2 1 0 3 1 2 2 0 0 3 1 1 1 3 2 3 0 0 3 2 -9 -9 -9 -9 -9 -9 -9 -9 -9 -9 -9 -9 -9 -9 -9 -9 -9 -9 -9 -9 -9 -9 -9 -9 -9 -9 -9 -9 -9 -9 
BMD376 3 0 2 2 2 0 3 1 3 1 1 3 2 3 1 2 0 0 1 1 0 0 1 3 2 2 0 2 0 1 2 2 0 2 0 2 3 2 2 0 1 0 1 1 0 0 1 3 2 3 1 2 1 0 2 3 1 1 2 0 3 2 1 3 0 1 0 3 3 2 2 2 2 1 3 2 2 2 0 2 0 3 2 0 0 2 0 0 3 0 2 3 3 1 0 1 1 2 2 1 0 3 1 2 2 0 0 3 1 1 1 3 2 3 0 0 3 2 1 0 3 3 2 0 0 2 0 1 2 0 2 3 2 1 3 2 0 2 1 3 0 1 1 3 0 3 2 0 
BMD377 3 0 2 2 2 0 3 1 3 1 1 3 2 3 1 2 0 0 1 1 0 0 1 3 2 2 0 2 0 1 2 2 0 2 0 2 3 2 2 0 1 0 1 1 0 0 1 3 2 3 1 2 1 0 2 3 1 1 2 0 3 2 1 3 0 1 0 3 3 2 2 2 2 1 3 2 2 2 0 2 0 3 2 0 0 2 0 0 3 0 2 3 3 1 0 1 1 2 2 1 0 3 1 2 2 0 0 3 1 1 1 3 2 3 0 0 3 2 -9 -9 -9 -9 -9 -9 -9 -9 -9 -9 -9 -9 -9 -9 -9 -9 -9 -9 -9 -9 -9 -9 -9 -9 -9 -9 -9 -9 -9 -9 
BMD378 3 0 2 2 2 0 3 1 3 1 1 3 2 3 1 2 0 0 1 1 0 0 1 3 2 2 0 2 0 1 2 2 0 2 0 2 3 2 2 0 1 0 1 1 0 0 1 3 2 3 1 2 1 0 2 3 1 1 2 0 3 2 1 3 0 1 0 3 3 2 2 2 2 1 3 2 2 2 0 2 0 3 2 0 0 2 0 0 3 0 2 3 3 1 0 1 1 2 2 1 0 3 1 2 2 0 0 3 1 1 1 3 2 3 0 0 3 2 -9 -9 -9 -9 -9 -9 -9 -9 -9 -9 -9 -9 -9 -9 -9 -9 -9 -9 -9 -9 -9 -9 -9 -9 -9 -9 -9 -9 -9 -9 
BMD394 3 0 2 2 2 0 3 1 3 1 1 3 2 3 1 2 0 0 1 1 0 0 1 3 2 2 0 2 0 1 2 2 0 2 0 2 3 2 2 0 1 0 1 1 0 0 1 3 2 3 1 2 1 0 2 3 1 1 2 0 3 2 1 3 0 1 0 3 3 2 2 2 2 1 3 2 2 2 0 2 0 3 2 0 0 2 0 0 3 0 2 3 3 1 0 1 1 2 2 1 0 3 1 2 2 0 0 3 1 1 1 3 2 3 0 0 3 2 -9 -9 -9 -9 -9 -9 -9 -9 -9 -9 -9 -9 -9 -9 -9 -9 -9 -9 -9 -9 -9 -9 -9 -9 -9 -9 -9 -9 -9 -9 
BMD395 3 0 2 2 2 0 3 1 3 1 1 3 2 3 1 2 0 0 1 1 0 0 1 3 2 2 0 2 0 1 2 2 0 2 0 2 3 2 2 0 1 0 1 1 0 0 1 3 2 3 1 2 1 0 2 3 1 1 2 0 3 2 1 3 0 1 0 3 3 2 2 2 2 1 3 2 2 2 0 2 0 3 2 0 0 2 0 0 3 0 2 3 3 1 0 1 1 2 2 1 0 3 1 2 2 0 0 3 1 1 1 3 2 3 0 0 3 2 -9 -9 -9 -9 -9 -9 -9 -9 -9 -9 -9 -9 -9 -9 -9 -9 -9 -9 -9 -9 -9 -9 -9 -9 -9 -9 -9 -9 -9 -9 
BMD424 3 0 2 2 2 0 3 1 3 1 1 3 2 3 1 2 0 0 1 1 0 0 1 3 2 2 0 2 0 1 2 2 0 2 0 2 3 2 2 0 1 0 1 1 0 0 1 3 2 3 1 2 1 0 2 3 1 1 2 0 3 2 1 3 0 1 0 3 3 2 2 2 2 1 3 2 2 2 0 2 0 3 2 0 0 2 0 0 3 3 2 3 3 1 0 1 1 2 2 1 0 3 1 2 2 0 0 3 1 1 1 3 2 3 0 0 3 2 -9 -9 -9 -9 -9 -9 -9 -9 -9 -9 -9 -9 -9 -9 -9 -9 -9 -9 -9 -9 -9 -9 -9 -9 -9 -9 -9 -9 -9 -9 
BMD826 3 0 2 2 2 0 3 1 3 1 1 3 2 3 1 2 0 0 1 1 0 0 1 3 2 2 0 2 0 1 2 2 0 2 0 2 3 2 2 0 1 0 1 1 0 0 1 3 2 3 1 2 1 0 2 3 1 1 2 0 3 2 1 3 0 1 0 3 3 2 2 2 2 1 3 2 2 2 0 2 0 3 2 0 0 2 0 0 3 0 2 3 3 1 0 1 1 2 2 1 0 3 1 2 2 0 0 3 1 1 1 3 2 3 0 0 3 2 1 0 2 3 1 1 2 2 3 2 2 0 2 3 2 0 3 2 0 -9 1 3 0 1 1 3 0 3 2 0 
BMD827 3 0 2 2 2 0 3 1 3 1 1 3 2 3 1 2 0 0 1 1 0 0 1 3 2 2 0 2 0 1 2 2 0 2 0 2 3 2 2 0 1 0 1 1 0 0 1 3 2 3 1 2 1 0 2 3 1 1 2 0 3 2 1 3 0 1 0 3 3 2 2 2 2 1 3 2 2 2 0 2 0 3 2 0 0 2 0 0 3 0 2 3 3 1 3 1 1 2 2 1 0 3 1 2 2 0 0 3 1 1 1 3 2 3 3 0 3 2 -9 -9 -9 -9 -9 -9 -9 -9 -9 -9 -9 -9 -9 -9 -9 -9 -9 -9 -9 -9 -9 -9 -9 -9 -9 -9 -9 -9 -9 -9 
BMD828 3 0 2 2 2 0 3 1 3 1 1 3 2 3 1 2 0 0 1 1 0 0 1 3 2 2 0 2 0 1 0 2 0 2 0 2 3 2 2 0 1 0 1 1 0 0 1 3 2 3 1 2 1 0 2 3 1 1 2 0 3 2 1 3 0 1 0 3 3 2 2 2 2 1 3 2 2 2 0 2 0 3 2 0 0 2 0 0 3 0 2 3 3 1 0 1 1 2 2 1 0 3 1 2 2 0 0 3 1 1 1 3 2 3 0 0 3 2 -9 -9 -9 -9 -9 -9 -9 -9 -9 -9 -9 -9 -9 -9 -9 -9 -9 -9 -9 -9 -9 -9 -9 -9 -9 -9 -9 -9 -9 -9 
BMD829 3 0 2 2 2 0 3 1 3 1 1 3 2 3 1 2 0 0 1 1 0 0 1 3 2 2 0 2 0 1 2 2 0 2 0 2 3 2 2 0 1 0 1 1 0 0 1 3 2 3 1 2 1 0 2 3 1 1 2 0 3 2 1 3 0 1 0 3 3 2 2 2 2 1 3 2 2 2 0 2 0 3 2 0 0 2 0 0 3 0 2 3 3 1 0 1 1 2 2 1 0 3 1 2 2 0 0 3 1 1 1 3 2 3 0 0 3 2 -9 -9 -9 -9 -9 -9 -9 -9 -9 -9 -9 -9 -9 -9 -9 -9 -9 -9 -9 -9 -9 -9 -9 -9 -9 -9 -9 -9 -9 -9 
BMD830 3 0 2 2 2 0 3 1 3 1 1 3 2 3 1 2 0 0 1 1 0 0 1 3 2 2 0 2 0 1 2 2 0 2 0 2 3 2 2 0 1 0 1 1 0 0 1 3 2 3 1 2 1 0 2 3 1 1 2 0 3 2 1 3 0 1 0 3 3 2 2 2 2 1 3 2 2 2 0 2 0 3 2 0 0 2 0 0 3 0 2 3 3 1 3 1 1 2 2 1 0 3 1 2 2 0 0 3 1 1 1 3 2 3 0 0 3 2 1 -9 -9 3 -9 -9 -9 2 -9 -9 2 0 2 3 2 -9 3 2 0 -9 1 3 -9 -9 -9 3 0 3 2 0 
BMD837 3 0 2 2 2 0 3 1 3 1 1 3 2 3 1 2 0 0 1 1 0 0 1 3 2 2 0 2 0 1 2 2 0 2 0 2 3 2 2 0 1 0 1 1 0 0 1 3 2 3 1 2 1 0 2 3 1 1 2 0 3 2 1 3 0 1 0 3 3 2 2 2 2 1 3 2 2 2 0 2 0 3 2 0 0 2 0 0 3 0 2 3 3 1 0 1 1 2 2 1 0 3 1 2 2 0 0 3 1 1 1 3 2 3 0 0 3 2 -9 -9 -9 -9 -9 -9 -9 -9 -9 -9 -9 -9 -9 -9 -9 -9 -9 -9 -9 -9 -9 -9 -9 -9 -9 -9 -9 -9 -9 -9 
BMD838 3 0 2 2 2 0 3 1 3 1 1 3 2 3 1 2 0 0 1 1 0 0 1 3 2 2 0 2 0 1 2 2 0 2 0 2 3 2 2 0 1 0 1 1 0 0 1 3 2 3 1 2 1 0 2 3 1 1 2 0 3 2 1 3 0 1 0 3 3 2 2 2 2 1 3 2 2 2 0 2 0 3 2 0 0 2 0 0 3 0 2 3 3 1 0 1 1 2 2 1 0 3 1 2 2 0 0 3 1 1 1 3 2 3 0 0 3 2 -9 -9 -9 -9 -9 -9 -9 -9 -9 -9 -9 -9 -9 -9 -9 -9 -9 -9 -9 -9 -9 -9 -9 -9 -9 -9 -9 -9 -9 -9 
BMD840 3 0 2 2 2 0 3 1 3 1 1 3 2 3 1 2 0 0 1 1 0 0 1 3 2 2 0 2 0 1 2 2 0 2 0 2 3 2 2 0 1 0 1 1 0 0 1 3 2 3 1 2 1 0 2 3 1 1 2 0 3 2 1 3 0 1 0 3 3 2 2 2 2 1 3 2 2 2 0 2 0 3 2 0 0 1 0 0 3 0 2 3 3 1 3 1 1 2 2 1 0 3 1 2 2 0 0 3 1 1 1 3 2 3 0 0 3 2 -9 -9 -9 -9 -9 -9 -9 -9 -9 -9 -9 -9 -9 -9 -9 -9 -9 -9 -9 -9 -9 -9 -9 -9 -9 -9 -9 -9 -9 -9 
BMD840_1 -9 -9 -9 -9 -9 -9 -9 -9 -9 -9 -9 -9 -9 -9 -9 -9 -9 -9 -9 -9 -9 -9 -9 -9 -9 -9 -9 -9 -9 -9 -9 -9 -9 -9 -9 -9 -9 -9 -9 -9 -9 -9 -9 -9 -9 -9 -9 -9 -9 -9 -9 -9 -9 -9 -9 -9 -9 -9 -9 -9 -9 -9 -9 -9 -9 -9 -9 -9 -9 -9 -9 -9 -9 -9 -9 -9 -9 -9 -9 -9 -9 -9 -9 -9 -9 -9 -9 -9 -9 -9 -9 -9 -9 -9 -9 -9 -9 -9 -9 -9 -9 -9 -9 -9 -9 -9 -9 -9 -9 -9 -9 -9 -9 -9 -9 -9 -9 -9 1 -9 -9 3 2 0 -9 2 -9 -9 2 0 2 3 2 1 3 2 0 2 1 3 0 1 1 3 0 3 2 0 
BMD840_2 -9 -9 -9 -9 -9 -9 -9 -9 -9 -9 -9 -9 -9 -9 -9 -9 -9 -9 -9 -9 -9 -9 -9 -9 -9 -9 -9 -9 -9 -9 -9 -9 -9 -9 -9 -9 -9 -9 -9 -9 -9 -9 -9 -9 -9 -9 -9 -9 -9 -9 -9 -9 -9 -9 -9 -9 -9 -9 -9 -9 -9 -9 -9 -9 -9 -9 -9 -9 -9 -9 -9 -9 -9 -9 -9 -9 -9 -9 -9 -9 -9 -9 -9 -9 -9 -9 -9 -9 -9 -9 -9 -9 -9 -9 -9 -9 -9 -9 -9 -9 -9 -9 -9 -9 -9 -9 -9 -9 -9 -9 -9 -9 -9 -9 -9 -9 -9 -9 1 -9 -9 3 2 0 -9 2 -9 -9 2 0 2 3 2 0 3 2 0 1 1 3 0 1 1 3 0 3 2 0 
BMD841 3 0 2 2 2 0 3 1 3 1 1 3 2 3 1 2 0 0 1 1 0 0 1 3 2 2 0 2 0 1 2 2 0 2 0 2 3 2 2 0 1 0 1 1 0 0 1 3 2 3 1 2 1 0 2 3 1 1 2 0 3 2 1 3 0 1 0 3 3 2 2 2 2 1 3 2 2 2 0 2 0 3 2 0 0 2 0 0 3 0 2 3 3 1 0 1 1 2 2 1 0 3 1 2 2 0 0 3 1 1 1 3 2 3 0 0 3 2 -9 -9 -9 -9 -9 -9 -9 -9 -9 -9 -9 -9 -9 -9 -9 -9 -9 -9 -9 -9 -9 -9 -9 -9 -9 -9 -9 -9 -9 -9 
BMD843 3 0 2 2 2 0 3 1 3 1 1 3 2 3 1 2 0 0 1 1 0 0 1 3 2 2 0 2 0 1 2 2 0 2 0 2 3 2 2 0 1 0 1 1 0 0 1 3 2 3 1 2 1 0 2 3 1 1 2 0 3 2 1 3 0 1 0 3 3 2 2 2 2 1 3 2 2 2 0 2 0 3 2 0 0 2 0 0 3 0 2 3 3 1 0 1 1 2 2 1 0 3 1 2 2 0 0 3 1 1 1 3 2 3 0 0 3 2 -9 -9 -9 -9 -9 -9 -9 -9 -9 -9 -9 -9 -9 -9 -9 -9 -9 -9 -9 -9 -9 -9 -9 -9 -9 -9 -9 -9 -9 -9 
BMD844 3 0 2 2 2 0 3 1 3 1 1 3 2 3 1 2 0 0 1 1 0 0 1 3 2 2 0 2 0 1 2 2 0 2 0 2 3 2 2 0 1 0 1 1 0 0 1 3 2 3 1 2 1 0 2 3 1 1 2 0 3 2 1 3 0 1 0 3 3 2 2 2 2 1 3 2 2 2 0 2 0 3 2 0 0 2 0 0 3 0 2 3 3 1 0 1 1 2 2 1 0 3 1 2 2 0 0 3 1 1 1 3 2 3 0 0 3 2 -9 -9 -9 -9 -9 -9 -9 -9 -9 -9 -9 -9 -9 -9 -9 -9 -9 -9 -9 -9 -9 -9 -9 -9 -9 -9 -9 -9 -9 -9 
BMD845 3 0 2 2 2 0 3 1 3 1 1 3 2 3 1 2 0 0 1 1 0 0 1 3 2 2 0 2 0 1 2 2 0 2 0 2 3 2 2 0 1 0 1 1 0 0 1 3 2 3 1 2 1 0 2 3 1 1 2 0 3 2 1 3 0 1 0 3 3 2 2 2 2 1 3 2 2 2 0 2 0 3 2 0 0 2 0 0 3 0 2 3 3 1 0 1 1 2 2 1 0 3 1 2 2 0 0 3 1 1 1 3 2 3 0 0 3 2 -9 -9 -9 -9 -9 -9 -9 -9 -9 -9 -9 -9 -9 -9 -9 -9 -9 -9 -9 -9 -9 -9 -9 -9 -9 -9 -9 -9 -9 -9 
BMD846 3 0 2 2 2 0 3 1 3 1 1 3 2 3 1 2 0 0 1 1 0 0 1 3 2 2 0 2 0 1 2 2 0 2 0 2 3 2 2 0 1 0 1 1 0 0 1 3 2 3 1 2 1 0 2 3 1 1 2 0 3 2 1 3 0 1 0 3 3 2 2 2 2 1 3 2 2 2 0 2 0 3 2 0 0 2 0 0 3 0 2 3 3 1 0 1 1 2 2 1 0 3 1 2 2 0 0 3 1 1 1 3 2 3 0 0 3 2 -9 -9 -9 -9 -9 -9 -9 -9 -9 -9 -9 -9 -9 -9 -9 -9 -9 -9 -9 -9 -9 -9 -9 -9 -9 -9 -9 -9 -9 -9 
BMD850 3 0 2 2 2 0 3 1 3 1 1 3 2 3 1 2 0 0 1 1 0 0 1 3 2 2 0 2 0 1 2 2 0 2 0 2 3 2 2 0 1 0 1 1 0 0 1 3 2 3 1 2 1 0 2 3 1 1 2 0 3 2 1 3 0 1 0 3 3 2 2 2 2 1 3 2 2 2 0 2 0 3 2 0 0 2 0 0 3 0 2 3 3 1 0 1 1 2 2 1 0 3 1 2 2 0 0 3 1 1 1 3 2 3 0 0 3 2 -9 -9 -9 -9 -9 -9 -9 -9 -9 -9 -9 -9 -9 -9 -9 -9 -9 -9 -9 -9 -9 -9 -9 -9 -9 -9 -9 -9 -9 -9 
BMD851 3 0 2 2 2 0 3 1 3 1 1 3 2 3 1 2 0 0 1 1 0 0 1 3 2 2 0 2 0 1 2 2 0 2 0 2 3 2 2 0 1 0 1 1 0 0 1 3 2 3 1 2 1 0 2 3 1 1 2 0 3 2 1 3 0 1 0 3 3 2 2 2 2 1 3 2 2 2 0 2 0 3 2 0 0 2 0 0 3 0 2 3 3 1 0 1 1 2 2 1 0 3 1 2 2 0 0 3 1 1 1 3 2 3 0 0 3 2 -9 -9 -9 -9 -9 -9 -9 -9 -9 -9 -9 -9 -9 -9 -9 -9 -9 -9 -9 -9 -9 -9 -9 -9 -9 -9 -9 -9 -9 -9 
FC1015 3 0 2 1 2 0 3 1 3 1 1 3 2 3 1 2 0 0 1 1 0 0 1 3 2 2 0 2 0 1 2 2 0 1 0 2 3 2 2 0 1 0 1 1 0 0 2 3 2 3 1 2 2 0 2 0 1 1 2 0 3 1 1 3 0 2 0 3 0 2 1 1 1 1 3 1 2 2 0 2 3 3 2 0 0 2 0 0 3 0 2 3 3 2 3 2 1 2 2 1 3 3 1 2 1 0 0 3 2 1 1 3 2 3 3 0 3 2 -9 -9 -9 -9 -9 -9 -9 -9 -9 -9 -9 -9 -9 -9 -9 -9 -9 -9 -9 -9 -9 -9 -9 -9 -9 -9 -9 -9 -9 -9 
FC1015_1 -9 -9 -9 -9 -9 -9 -9 -9 -9 -9 -9 -9 -9 -9 -9 -9 -9 -9 -9 -9 -9 -9 -9 -9 -9 -9 -9 -9 -9 -9 -9 -9 -9 -9 -9 -9 -9 -9 -9 -9 -9 -9 -9 -9 -9 -9 -9 -9 -9 -9 -9 -9 -9 -9 -9 -9 -9 -9 -9 -9 -9 -9 -9 -9 -9 -9 -9 -9 -9 -9 -9 -9 -9 -9 -9 -9 -9 -9 -9 -9 -9 -9 -9 -9 -9 -9 -9 -9 -9 -9 -9 -9 -9 -9 -9 -9 -9 -9 -9 -9 -9 -9 -9 -9 -9 -9 -9 -9 -9 -9 -9 -9 -9 -9 -9 -9 -9 -9 1 -9 -9 -9 -9 1 2 2 3 2 2 0 2 3 2 0 3 2 0 1 1 3 0 1 1 3 0 3 2 0 
FC1015_2 -9 -9 -9 -9 -9 -9 -9 -9 -9 -9 -9 -9 -9 -9 -9 -9 -9 -9 -9 -9 -9 -9 -9 -9 -9 -9 -9 -9 -9 -9 -9 -9 -9 -9 -9 -9 -9 -9 -9 -9 -9 -9 -9 -9 -9 -9 -9 -9 -9 -9 -9 -9 -9 -9 -9 -9 -9 -9 -9 -9 -9 -9 -9 -9 -9 -9 -9 -9 -9 -9 -9 -9 -9 -9 -9 -9 -9 -9 -9 -9 -9 -9 -9 -9 -9 -9 -9 -9 -9 -9 -9 -9 -9 -9 -9 -9 -9 -9 -9 -9 -9 -9 -9 -9 -9 -9 -9 -9 -9 -9 -9 -9 -9 -9 -9 -9 -9 -9 1 -9 -9 -9 -9 1 2 2 3 2 2 2 2 3 2 0 3 2 0 -9 1 3 0 1 1 3 0 3 2 0 
FC1016 3 0 2 2 2 0 3 1 3 1 1 0 2 3 1 2 0 0 1 1 0 0 1 3 2 2 0 2 0 1 2 2 0 2 0 2 3 1 2 0 2 0 1 1 0 0 1 3 2 3 1 2 1 0 2 3 1 1 2 0 3 2 1 3 0 1 0 3 3 2 2 2 2 1 3 2 2 2 1 2 0 3 2 0 0 2 0 0 3 0 2 3 3 1 3 1 1 2 2 2 0 3 1 2 2 0 0 3 1 1 1 3 2 3 0 0 3 2 -9 -9 -9 -9 -9 -9 -9 -9 -9 -9 -9 -9 -9 -9 -9 -9 -9 -9 -9 -9 -9 -9 -9 -9 -9 -9 -9 -9 -9 -9 
FC1017 3 0 2 2 2 0 3 1 3 1 1 3 2 3 1 2 0 0 1 1 0 0 2 3 2 2 0 2 0 1 2 2 0 2 0 2 3 1 2 0 1 0 1 1 0 0 1 3 2 3 1 2 1 0 2 3 1 1 2 0 3 2 1 3 0 1 0 3 3 2 2 2 2 1 3 2 2 2 0 2 0 3 2 0 0 2 0 0 3 0 2 3 3 1 3 1 1 2 2 2 0 3 1 2 2 0 0 3 1 1 1 3 2 3 3 0 3 2 -9 -9 -9 -9 -9 -9 -9 -9 -9 -9 -9 -9 -9 -9 -9 -9 -9 -9 -9 -9 -9 -9 -9 -9 -9 -9 -9 -9 -9 -9 
FC1018 3 0 2 1 2 0 3 1 3 1 1 3 2 3 1 2 0 0 1 1 0 0 1 3 2 2 0 2 0 1 2 2 0 1 0 2 3 2 2 0 1 0 1 1 0 0 2 3 2 3 1 2 2 0 2 0 1 1 2 0 3 1 1 3 0 2 0 3 0 2 1 1 1 1 3 1 2 2 0 2 3 3 2 0 0 2 0 0 3 0 2 3 3 2 3 2 1 2 2 1 3 3 1 2 1 0 0 3 2 1 1 3 2 3 3 0 3 2 -9 -9 -9 -9 -9 -9 -9 -9 -9 -9 -9 -9 -9 -9 -9 -9 -9 -9 -9 -9 -9 -9 -9 -9 -9 -9 -9 -9 -9 -9 
FC1019 3 0 2 1 2 0 3 1 3 1 2 3 2 3 1 2 0 0 1 1 0 0 1 3 2 2 0 2 0 1 2 2 0 2 0 2 3 1 2 0 1 0 1 1 0 0 1 3 2 3 1 2 1 0 2 3 1 1 2 0 3 2 1 3 0 1 0 3 3 2 2 2 2 1 3 2 2 2 0 2 0 3 2 0 0 2 0 0 3 0 2 3 3 1 3 1 1 2 2 2 0 3 1 2 2 0 0 3 1 1 1 3 2 3 3 0 3 2 -9 -9 -9 -9 -9 -9 -9 -9 -9 -9 -9 -9 -9 -9 -9 -9 -9 -9 -9 -9 -9 -9 -9 -9 -9 -9 -9 -9 -9 -9 
FC1020 3 0 2 2 2 0 3 1 0 1 1 3 2 3 1 2 0 0 1 1 0 0 1 3 2 2 0 2 0 1 2 2 0 2 0 2 3 1 2 0 1 0 1 1 0 0 1 3 2 3 1 2 1 0 2 3 1 1 2 0 3 2 1 3 0 1 0 3 3 2 2 2 2 1 3 2 2 2 1 2 0 3 2 0 0 2 0 0 3 0 2 3 3 1 3 1 1 2 2 2 0 3 1 2 2 0 0 3 1 1 1 3 2 3 0 0 3 2 -9 -9 -9 -9 -9 -9 -9 -9 -9 -9 -9 -9 -9 -9 -9 -9 -9 -9 -9 -9 -9 -9 -9 -9 -9 -9 -9 -9 -9 -9 
FC1021 3 0 2 2 2 0 3 1 0 1 1 3 2 3 1 2 0 0 1 1 0 0 1 3 2 2 0 2 0 1 2 2 0 2 0 2 3 1 2 0 1 0 1 1 0 0 1 3 2 3 1 2 1 0 2 3 1 1 2 0 3 2 1 3 0 1 0 3 3 2 2 2 2 1 3 2 2 2 0 2 0 3 2 0 0 2 0 0 3 0 2 3 3 1 3 1 1 2 2 2 0 3 1 2 2 0 0 3 1 1 1 3 2 3 3 0 3 2 -9 -9 -9 -9 -9 -9 -9 -9 -9 -9 -9 -9 -9 -9 -9 -9 -9 -9 -9 -9 -9 -9 -9 -9 -9 -9 -9 -9 -9 -9 
FC1036 3 0 2 2 2 0 3 1 3 1 1 0 2 3 1 2 0 0 1 1 0 0 1 3 2 2 0 2 0 1 2 2 0 2 0 2 3 1 2 0 2 0 1 1 0 0 1 3 2 3 1 2 1 0 2 3 1 1 2 0 3 2 1 3 0 1 0 3 3 2 2 2 2 1 3 2 2 2 1 2 0 3 2 0 0 2 0 0 3 0 2 3 3 1 3 1 1 2 2 2 0 3 1 2 2 0 0 3 1 1 1 3 2 3 0 0 3 2 -9 -9 -9 -9 -9 -9 -9 -9 -9 -9 -9 -9 -9 -9 -9 -9 -9 -9 -9 -9 -9 -9 -9 -9 -9 -9 -9 -9 -9 -9 
FC1037 3 0 2 2 2 0 3 1 3 1 1 0 2 3 1 2 0 0 1 1 0 0 1 3 2 2 0 2 0 1 2 2 0 2 0 2 3 1 2 0 2 0 1 1 0 0 1 3 2 3 1 2 1 0 2 3 1 1 2 0 3 2 1 3 0 1 0 3 3 2 2 2 2 1 3 2 2 2 0 2 0 3 2 0 0 2 0 0 3 0 2 3 3 1 3 1 1 2 2 2 0 3 1 2 2 0 0 3 1 1 1 3 2 3 0 0 3 2 -9 -9 -9 -9 -9 -9 -9 -9 -9 -9 -9 -9 -9 -9 -9 -9 -9 -9 -9 -9 -9 -9 -9 -9 -9 -9 -9 -9 -9 -9 
FC1038 3 0 2 2 2 0 3 1 3 1 1 3 2 3 1 2 0 0 1 1 0 0 1 3 2 2 0 2 0 1 2 2 0 2 0 2 3 1 2 0 1 0 1 1 0 0 1 3 2 3 1 2 1 0 2 3 1 1 2 0 3 2 1 3 0 1 0 0 3 2 2 2 2 1 3 2 2 2 0 2 0 3 2 0 0 2 0 0 3 0 2 3 3 1 3 1 1 2 2 2 0 3 1 2 2 0 0 3 1 1 1 3 2 3 3 0 3 2 1 3 2 3 1 1 2 2 3 2 2 0 2 3 -9 0 3 2 0 -9 1 3 0 1 1 3 0 3 2 0 
FC1058 3 0 2 2 2 0 3 1 3 1 1 3 2 3 1 2 0 0 1 1 0 0 1 0 2 2 0 2 0 1 2 2 0 2 0 2 3 1 2 0 1 0 1 1 0 0 1 3 2 3 1 2 1 0 2 3 1 1 2 0 3 2 1 3 0 1 0 3 3 2 2 2 2 1 3 2 2 2 0 2 0 3 2 0 0 2 0 0 3 0 1 3 3 1 3 1 1 2 2 2 0 3 1 2 2 0 0 3 1 1 1 3 2 3 3 0 3 2 -9 -9 -9 -9 -9 -9 -9 -9 -9 -9 -9 -9 -9 -9 -9 -9 -9 -9 -9 -9 -9 -9 -9 -9 -9 -9 -9 -9 -9 -9 
FC1058_1 -9 -9 -9 -9 -9 -9 -9 -9 -9 -9 -9 -9 -9 -9 -9 -9 -9 -9 -9 -9 -9 -9 -9 -9 -9 -9 -9 -9 -9 -9 -9 -9 -9 -9 -9 -9 -9 -9 -9 -9 -9 -9 -9 -9 -9 -9 -9 -9 -9 -9 -9 -9 -9 -9 -9 -9 -9 -9 -9 -9 -9 -9 -9 -9 -9 -9 -9 -9 -9 -9 -9 -9 -9 -9 -9 -9 -9 -9 -9 -9 -9 -9 -9 -9 -9 -9 -9 -9 -9 -9 -9 -9 -9 -9 -9 -9 -9 -9 -9 -9 -9 -9 -9 -9 -9 -9 -9 -9 -9 -9 -9 -9 -9 -9 -9 -9 -9 -9 1 3 -9 3 -9 1 2 2 3 2 2 0 2 3 2 0 3 2 0 1 1 3 0 1 2 3 0 3 2 0 
FC1059 3 0 2 1 2 0 3 1 3 1 1 3 2 3 1 2 0 0 1 1 0 0 1 3 2 2 0 2 0 1 2 2 0 1 0 2 3 2 2 0 1 0 1 1 0 0 2 3 2 3 1 2 2 0 2 0 1 1 2 0 3 1 1 3 0 2 0 3 0 2 1 1 1 1 3 1 2 2 0 2 3 3 2 0 0 2 0 0 3 0 2 3 3 2 3 2 1 2 2 1 3 3 1 2 1 0 0 3 2 1 1 3 2 3 3 0 3 2 -9 -9 -9 -9 -9 -9 -9 -9 -9 -9 -9 -9 -9 -9 -9 -9 -9 -9 -9 -9 -9 -9 -9 -9 -9 -9 -9 -9 -9 -9 
FC1065 3 0 2 2 2 0 3 1 3 1 1 3 2 3 1 2 0 0 1 1 0 0 1 0 2 1 0 2 0 2 2 2 0 2 0 2 3 2 2 0 1 0 1 1 0 0 1 3 2 3 1 2 1 0 2 3 1 1 2 0 3 2 2 3 0 1 0 0 3 2 2 1 2 1 3 2 2 2 0 2 0 3 2 0 0 2 0 0 3 0 2 3 3 1 3 1 1 2 2 1 0 3 2 2 2 3 0 3 1 1 1 3 1 3 3 0 3 2 -9 -9 -9 -9 -9 -9 -9 -9 -9 -9 -9 -9 -9 -9 -9 -9 -9 -9 -9 -9 -9 -9 -9 -9 -9 -9 -9 -9 -9 -9 
FC1065_1 -9 -9 -9 -9 -9 -9 -9 -9 -9 -9 -9 -9 -9 -9 -9 -9 -9 -9 -9 -9 -9 -9 -9 -9 -9 -9 -9 -9 -9 -9 -9 -9 -9 -9 -9 -9 -9 -9 -9 -9 -9 -9 -9 -9 -9 -9 -9 -9 -9 -9 -9 -9 -9 -9 -9 -9 -9 -9 -9 -9 -9 -9 -9 -9 -9 -9 -9 -9 -9 -9 -9 -9 -9 -9 -9 -9 -9 -9 -9 -9 -9 -9 -9 -9 -9 -9 -9 -9 -9 -9 -9 -9 -9 -9 -9 -9 -9 -9 -9 -9 -9 -9 -9 -9 -9 -9 -9 -9 -9 -9 -9 -9 -9 -9 -9 -9 -9 -9 1 0 2 1 1 1 2 2 3 2 2 0 2 3 2 0 3 2 0 1 1 3 0 1 1 3 0 3 2 0 
FC1065_2 -9 -9 -9 -9 -9 -9 -9 -9 -9 -9 -9 -9 -9 -9 -9 -9 -9 -9 -9 -9 -9 -9 -9 -9 -9 -9 -9 -9 -9 -9 -9 -9 -9 -9 -9 -9 -9 -9 -9 -9 -9 -9 -9 -9 -9 -9 -9 -9 -9 -9 -9 -9 -9 -9 -9 -9 -9 -9 -9 -9 -9 -9 -9 -9 -9 -9 -9 -9 -9 -9 -9 -9 -9 -9 -9 -9 -9 -9 -9 -9 -9 -9 -9 -9 -9 -9 -9 -9 -9 -9 -9 -9 -9 -9 -9 -9 -9 -9 -9 -9 -9 -9 -9 -9 -9 -9 -9 -9 -9 -9 -9 -9 -9 -9 -9 -9 -9 -9 1 0 2 1 1 1 2 2 3 2 2 2 2 3 2 0 3 2 0 -9 1 3 0 1 1 3 0 3 2 0 
FC1402 3 0 2 2 2 0 3 1 3 1 1 3 2 3 1 2 0 0 1 2 0 0 1 3 2 2 0 2 0 1 2 2 0 2 0 2 3 1 2 0 1 0 1 1 0 0 1 3 2 3 1 2 1 0 2 3 1 1 2 0 3 2 1 3 0 1 0 3 3 2 2 2 2 1 3 2 2 2 0 2 0 3 2 0 0 2 0 0 3 0 2 3 3 1 3 1 2 2 2 2 0 3 1 2 2 0 0 3 1 1 1 3 2 3 3 0 3 2 -9 -9 -9 -9 -9 -9 -9 -9 -9 -9 -9 -9 -9 -9 -9 -9 -9 -9 -9 -9 -9 -9 -9 -9 -9 -9 -9 -9 -9 -9 
FC1403 3 0 2 1 2 0 3 1 3 1 1 3 2 3 1 2 0 0 1 1 0 0 1 3 2 2 0 2 0 1 2 2 0 1 0 2 3 2 2 0 1 0 1 1 0 0 2 3 2 3 1 2 2 0 2 0 1 1 2 0 3 1 1 3 0 2 0 3 0 2 1 1 1 1 3 1 2 2 0 2 3 3 2 0 0 2 0 0 3 0 2 3 3 2 3 2 1 2 2 1 3 3 1 2 1 0 0 3 2 1 1 3 2 3 3 0 3 2 -9 -9 -9 -9 -9 -9 -9 -9 -9 -9 -9 -9 -9 -9 -9 -9 -9 -9 -9 -9 -9 -9 -9 -9 -9 -9 -9 -9 -9 -9 
FC1404 3 0 2 2 2 0 3 1 3 1 1 3 2 3 1 2 0 0 1 1 0 0 1 3 1 2 0 2 3 1 2 2 0 2 0 2 3 2 1 0 1 0 1 1 0 0 1 3 2 3 1 2 1 0 2 3 1 1 2 0 3 2 1 3 0 1 0 3 3 2 2 2 2 1 3 2 2 2 0 2 0 3 2 0 0 2 0 0 3 0 2 3 3 1 3 1 1 1 2 1 0 3 1 2 2 0 0 3 1 1 1 3 2 3 3 0 3 2 -9 -9 -9 -9 -9 -9 -9 -9 -9 -9 -9 -9 -9 -9 -9 -9 -9 -9 -9 -9 -9 -9 -9 -9 -9 -9 -9 -9 -9 -9 
FC1405 3 0 2 2 2 0 3 1 3 1 1 3 2 3 1 2 0 0 1 1 0 0 1 3 1 2 0 2 3 1 2 2 0 2 0 2 3 2 1 0 1 0 1 1 0 0 1 3 2 3 2 2 1 0 2 3 1 1 2 0 3 2 1 3 0 1 0 3 3 2 2 2 2 1 3 2 2 2 0 2 0 3 2 0 0 2 0 0 3 0 2 3 3 1 3 1 1 1 2 1 0 3 1 2 2 0 0 3 1 1 1 3 2 3 3 0 3 2 -9 -9 -9 -9 -9 -9 -9 -9 -9 -9 -9 -9 -9 -9 -9 -9 -9 -9 -9 -9 -9 -9 -9 -9 -9 -9 -9 -9 -9 -9 
FC1406 3 0 2 2 2 0 3 1 3 1 1 3 2 3 1 2 0 0 1 1 0 0 1 3 1 2 0 2 3 1 2 2 0 2 0 2 3 2 1 0 1 0 1 1 0 0 1 3 2 3 2 2 1 0 2 3 1 1 2 0 3 2 1 3 0 1 0 3 3 2 2 2 2 1 3 2 2 2 0 2 0 3 2 0 0 2 0 0 3 0 2 3 3 1 3 1 1 1 2 1 0 3 1 2 2 0 0 3 1 1 1 3 2 3 3 0 3 2 -9 -9 -9 -9 -9 -9 -9 -9 -9 -9 -9 -9 -9 -9 -9 -9 -9 -9 -9 -9 -9 -9 -9 -9 -9 -9 -9 -9 -9 -9 
FC1407 3 0 2 2 2 0 3 1 3 1 1 3 2 3 1 2 0 0 1 1 0 0 1 0 2 1 0 2 0 2 2 2 0 2 0 2 3 2 2 0 1 0 1 1 0 0 1 3 2 3 1 2 1 0 2 3 1 1 2 0 3 2 2 3 0 1 0 0 3 2 2 1 2 1 3 2 2 2 0 2 0 3 2 0 0 2 0 0 3 0 2 3 3 1 3 1 1 2 2 1 0 3 2 2 2 3 0 3 1 1 1 3 1 3 3 0 3 2 -9 -9 -9 -9 -9 -9 -9 -9 -9 -9 -9 -9 -9 -9 -9 -9 -9 -9 -9 -9 -9 -9 -9 -9 -9 -9 -9 -9 -9 -9 
FC3 3 0 2 2 2 0 3 1 3 1 1 3 2 3 1 2 0 0 1 1 0 0 1 3 2 2 0 2 0 1 2 2 0 2 0 2 3 1 2 0 1 0 1 1 0 0 1 3 2 3 1 2 1 0 2 3 1 1 2 0 3 2 1 3 0 1 0 0 3 2 2 2 2 1 3 2 2 2 0 2 0 3 2 0 0 2 0 0 3 0 2 3 3 1 3 1 1 2 2 2 0 3 1 2 2 0 0 3 1 1 1 3 2 3 3 0 3 2 -9 -9 -9 -9 -9 -9 -9 -9 -9 -9 -9 -9 -9 -9 -9 -9 -9 -9 -9 -9 -9 -9 -9 -9 -9 -9 -9 -9 -9 -9 
FC479 3 0 2 1 2 0 3 1 3 1 1 3 2 0 1 2 3 0 1 1 0 0 1 3 2 2 0 2 0 1 2 2 0 1 3 2 3 2 2 0 1 0 1 1 0 0 2 0 2 3 1 2 2 0 2 0 1 1 2 0 3 1 1 3 0 2 0 3 3 2 2 1 2 1 3 1 2 2 0 2 0 3 2 0 0 2 0 0 3 0 2 3 3 1 3 1 1 2 2 1 0 3 2 2 1 0 0 3 2 1 1 3 1 3 3 0 3 2 -9 -9 -9 -9 -9 -9 -9 -9 -9 -9 -9 -9 -9 -9 -9 -9 -9 -9 -9 -9 -9 -9 -9 -9 -9 -9 -9 -9 -9 -9 
FC481 3 0 2 1 2 0 3 1 3 1 1 3 2 0 1 2 3 0 1 1 0 0 1 3 2 2 0 2 0 1 2 2 0 1 3 2 3 2 2 0 1 0 1 1 0 0 2 0 2 3 1 2 2 0 2 0 1 1 2 0 3 1 1 3 0 2 0 3 3 2 2 1 2 1 3 1 2 2 0 2 0 3 2 0 0 2 0 0 3 0 2 3 3 1 3 1 1 2 2 1 0 3 2 2 1 0 0 3 2 1 1 3 1 3 3 0 3 2 -9 -9 -9 -9 -9 -9 -9 -9 -9 -9 -9 -9 -9 -9 -9 -9 -9 -9 -9 -9 -9 -9 -9 -9 -9 -9 -9 -9 -9 -9 
FC481_1 -9 -9 -9 -9 -9 -9 -9 -9 -9 -9 -9 -9 -9 -9 -9 -9 -9 -9 -9 -9 -9 -9 -9 -9 -9 -9 -9 -9 -9 -9 -9 -9 -9 -9 -9 -9 -9 -9 -9 -9 -9 -9 -9 -9 -9 -9 -9 -9 -9 -9 -9 -9 -9 -9 -9 -9 -9 -9 -9 -9 -9 -9 -9 -9 -9 -9 -9 -9 -9 -9 -9 -9 -9 -9 -9 -9 -9 -9 -9 -9 -9 -9 -9 -9 -9 -9 -9 -9 -9 -9 -9 -9 -9 -9 -9 -9 -9 -9 -9 -9 -9 -9 -9 -9 -9 -9 -9 -9 -9 -9 -9 -9 -9 -9 -9 -9 -9 -9 1 3 -9 3 -9 1 2 2 3 2 2 0 2 0 2 0 3 2 0 1 1 3 0 1 1 3 0 3 2 0 
FC481_2 -9 -9 -9 -9 -9 -9 -9 -9 -9 -9 -9 -9 -9 -9 -9 -9 -9 -9 -9 -9 -9 -9 -9 -9 -9 -9 -9 -9 -9 -9 -9 -9 -9 -9 -9 -9 -9 -9 -9 -9 -9 -9 -9 -9 -9 -9 -9 -9 -9 -9 -9 -9 -9 -9 -9 -9 -9 -9 -9 -9 -9 -9 -9 -9 -9 -9 -9 -9 -9 -9 -9 -9 -9 -9 -9 -9 -9 -9 -9 -9 -9 -9 -9 -9 -9 -9 -9 -9 -9 -9 -9 -9 -9 -9 -9 -9 -9 -9 -9 -9 -9 -9 -9 -9 -9 -9 -9 -9 -9 -9 -9 -9 -9 -9 -9 -9 -9 -9 1 3 -9 3 -9 1 2 2 3 2 2 0 1 3 2 0 3 2 0 1 1 3 0 1 2 3 0 3 1 0 
SM1553 3 3 1 2 2 1 0 1 0 1 1 3 1 3 1 1 0 0 1 1 0 3 2 0 2 0 0 2 0 1 2 2 0 2 0 2 3 2 2 3 1 0 2 1 0 3 2 0 1 2 1 1 2 3 1 3 1 1 1 0 0 1 1 3 2 2 0 0 3 2 2 1 2 1 0 2 2 2 0 1 0 3 1 3 3 2 0 0 0 3 2 3 3 1 3 1 1 2 1 2 0 3 1 2 1 0 0 3 2 1 1 3 2 3 3 0 0 2 1 0 3 3 1 1 2 2 3 2 2 0 2 3 2 0 3 2 0 2 1 0 0 1 2 3 0 3 2 0 
SM1561 3 3 1 2 2 1 0 1 0 1 1 3 1 3 1 1 0 0 1 1 0 3 2 0 2 0 0 2 0 1 2 2 0 2 0 2 3 2 2 3 1 0 2 1 0 3 2 0 2 2 1 1 2 3 1 3 1 1 1 0 0 1 1 3 2 2 0 0 3 2 2 1 2 1 0 2 2 2 0 1 0 3 1 3 3 2 0 0 0 3 2 3 3 1 3 1 1 2 1 2 0 3 1 2 1 0 0 3 2 1 1 3 2 3 3 0 0 2 -9 -9 -9 -9 -9 -9 -9 -9 -9 -9 -9 -9 -9 -9 -9 -9 -9 -9 -9 -9 -9 -9 -9 -9 -9 -9 -9 -9 -9 -9 
SM1577 3 3 1 2 2 1 0 1 0 1 1 3 1 3 1 1 0 0 1 1 0 3 2 0 2 0 0 2 0 1 2 2 0 2 0 2 3 2 2 3 1 0 2 1 0 3 2 0 2 2 1 1 2 0 1 3 1 1 1 0 0 1 1 3 2 2 0 0 3 2 2 1 2 1 0 2 2 2 0 1 0 3 1 3 3 2 0 0 0 3 2 3 3 1 3 1 1 2 1 2 0 3 1 2 1 0 0 3 2 1 1 3 2 3 3 0 0 2 1 0 3 3 1 1 2 2 3 2 2 0 2 3 2 0 3 2 0 2 1 3 0 1 2 3 0 3 2 0 
SM1578 3 3 1 2 2 1 0 1 0 1 1 3 1 3 1 1 0 0 1 1 0 3 2 0 2 0 0 2 0 1 2 2 0 2 0 2 3 2 2 3 1 0 2 1 0 3 2 0 2 2 1 1 2 3 1 3 1 1 1 0 0 1 1 3 2 2 0 0 3 2 2 1 2 1 0 2 2 2 0 1 0 3 1 3 3 2 0 0 0 3 2 3 3 1 3 1 1 2 1 2 0 3 1 2 1 0 0 3 2 1 1 3 2 3 3 0 0 2 1 0 3 3 1 1 2 2 3 2 2 0 2 3 2 0 3 2 0 2 1 0 0 1 2 3 0 3 2 0 
SM1579 3 3 1 2 2 1 0 1 0 1 1 3 1 3 1 1 0 0 1 1 0 3 2 0 2 0 0 2 0 1 2 2 0 2 0 2 3 2 2 3 1 0 2 1 0 3 2 0 2 2 1 1 2 3 1 3 1 1 1 0 0 1 1 3 2 2 0 0 3 2 2 1 2 1 0 2 2 2 0 1 0 3 1 3 3 2 0 0 0 3 2 3 3 1 3 1 1 2 1 2 0 3 1 2 1 0 0 3 2 1 1 3 2 3 3 0 0 2 -9 -9 -9 -9 -9 -9 -9 -9 -9 -9 -9 -9 -9 -9 -9 -9 -9 -9 -9 -9 -9 -9 -9 -9 -9 -9 -9 -9 -9 -9 
SM1580 3 3 1 2 2 1 0 1 0 1 1 3 1 3 1 1 0 0 1 1 0 3 2 0 2 0 0 2 0 1 2 2 0 2 0 2 3 2 2 3 1 0 2 1 0 3 2 0 2 2 1 1 2 3 1 3 1 1 1 0 0 1 1 3 2 2 0 0 3 2 2 1 2 1 0 2 2 2 0 1 0 3 1 3 3 2 0 0 0 3 2 3 3 1 3 3 1 2 1 2 0 3 1 2 1 0 0 3 2 1 1 3 2 3 3 0 0 2 1 0 3 3 1 1 2 2 3 2 2 0 2 3 2 0 3 2 0 2 1 0 0 1 2 3 0 3 2 0 
SM1581 3 3 1 2 2 1 0 1 0 1 1 3 1 3 1 1 0 0 1 1 0 3 2 0 2 0 0 2 0 1 2 2 0 2 0 2 3 2 2 3 1 0 2 1 0 3 2 0 2 2 1 1 2 3 1 3 1 1 1 0 0 1 1 3 2 2 0 0 3 2 2 1 2 1 0 2 2 2 0 1 0 3 1 3 3 2 0 0 0 3 2 3 3 1 3 1 1 2 1 2 0 3 1 2 1 0 0 3 2 1 1 3 2 3 3 0 0 2 -9 -9 -9 -9 -9 -9 -9 -9 -9 -9 -9 -9 -9 -9 -9 -9 -9 -9 -9 -9 -9 -9 -9 -9 -9 -9 -9 -9 -9 -9 
SM1581_1 -9 -9 -9 -9 -9 -9 -9 -9 -9 -9 -9 -9 -9 -9 -9 -9 -9 -9 -9 -9 -9 -9 -9 -9 -9 -9 -9 -9 -9 -9 -9 -9 -9 -9 -9 -9 -9 -9 -9 -9 -9 -9 -9 -9 -9 -9 -9 -9 -9 -9 -9 -9 -9 -9 -9 -9 -9 -9 -9 -9 -9 -9 -9 -9 -9 -9 -9 -9 -9 -9 -9 -9 -9 -9 -9 -9 -9 -9 -9 -9 -9 -9 -9 -9 -9 -9 -9 -9 -9 -9 -9 -9 -9 -9 -9 -9 -9 -9 -9 -9 -9 -9 -9 -9 -9 -9 -9 -9 -9 -9 -9 -9 -9 -9 -9 -9 -9 -9 1 0 3 3 1 1 2 2 3 2 2 0 2 3 2 0 3 2 0 2 1 0 0 1 2 3 0 3 2 0 
SM1581_2 -9 -9 -9 -9 -9 -9 -9 -9 -9 -9 -9 -9 -9 -9 -9 -9 -9 -9 -9 -9 -9 -9 -9 -9 -9 -9 -9 -9 -9 -9 -9 -9 -9 -9 -9 -9 -9 -9 -9 -9 -9 -9 -9 -9 -9 -9 -9 -9 -9 -9 -9 -9 -9 -9 -9 -9 -9 -9 -9 -9 -9 -9 -9 -9 -9 -9 -9 -9 -9 -9 -9 -9 -9 -9 -9 -9 -9 -9 -9 -9 -9 -9 -9 -9 -9 -9 -9 -9 -9 -9 -9 -9 -9 -9 -9 -9 -9 -9 -9 -9 -9 -9 -9 -9 -9 -9 -9 -9 -9 -9 -9 -9 -9 -9 -9 -9 -9 -9 1 0 3 3 1 1 2 2 3 2 2 0 2 3 2 0 3 2 0 2 1 3 0 1 2 3 0 0 2 0 
SM1582 3 3 1 2 2 1 0 1 0 1 1 3 1 3 1 1 0 0 1 1 0 3 2 0 2 0 0 2 0 1 2 2 0 2 0 2 3 2 2 3 1 0 2 1 0 3 2 0 2 2 1 1 2 3 1 3 1 1 1 0 0 1 1 3 2 2 0 0 3 2 2 1 2 1 0 2 2 2 0 1 0 3 1 3 3 2 0 0 0 3 2 3 3 1 3 1 1 2 1 2 0 3 1 2 1 0 0 3 2 1 1 3 2 3 3 0 0 2 1 0 3 3 1 1 2 2 3 2 2 0 2 3 2 0 3 2 0 2 1 0 0 1 2 3 0 3 2 0 
SM1583 3 3 1 2 2 1 0 1 0 1 1 3 1 3 1 1 0 0 1 1 0 3 2 0 2 0 0 2 0 1 2 2 0 2 0 2 3 2 2 3 1 0 2 1 0 3 2 0 2 2 1 1 2 3 1 3 1 1 1 0 0 1 1 3 2 2 0 0 3 2 2 1 2 1 0 2 2 2 0 1 0 3 1 3 3 2 0 0 0 3 2 3 3 1 3 3 1 2 1 2 0 3 1 2 1 0 0 3 2 1 1 3 2 3 3 0 0 2 -9 -9 -9 -9 -9 -9 -9 -9 -9 -9 -9 -9 -9 -9 -9 -9 -9 -9 -9 -9 -9 -9 -9 -9 -9 -9 -9 -9 -9 -9 
SM1584 3 3 1 2 2 1 0 1 0 1 1 3 1 3 1 1 0 0 1 1 0 3 2 0 2 0 0 2 0 1 2 2 0 2 0 2 3 2 2 3 1 0 2 1 0 3 2 0 2 2 1 1 2 3 1 3 1 1 1 0 0 1 1 3 2 2 0 0 3 2 2 1 2 1 0 2 2 2 0 1 0 3 1 3 3 2 0 0 0 3 2 3 3 1 3 1 1 2 1 2 0 3 1 2 1 0 0 3 2 1 1 3 2 3 3 0 0 2 -9 -9 -9 -9 -9 -9 -9 -9 -9 -9 -9 -9 -9 -9 -9 -9 -9 -9 -9 -9 -9 -9 -9 -9 -9 -9 -9 -9 -9 -9 
SM1585 3 3 1 2 2 1 0 1 0 1 1 3 1 3 1 1 0 0 1 1 0 3 2 0 2 0 0 2 0 1 2 2 0 2 0 2 3 2 2 3 1 0 2 1 0 3 2 0 2 2 1 1 2 3 1 3 1 1 1 0 0 1 1 3 2 2 0 0 3 2 2 1 2 1 0 2 2 2 0 1 0 3 1 3 3 2 0 0 0 3 2 3 3 1 3 3 1 2 1 2 0 3 1 2 1 0 0 3 2 1 1 3 2 3 3 0 0 2 -9 -9 -9 -9 -9 -9 -9 -9 -9 -9 -9 -9 -9 -9 -9 -9 -9 -9 -9 -9 -9 -9 -9 -9 -9 -9 -9 -9 -9 -9 
SM1586 3 3 1 2 2 1 0 1 0 1 1 3 1 3 1 1 0 0 1 1 0 3 2 0 2 0 0 2 0 1 2 2 0 2 0 2 3 2 2 3 1 0 2 1 0 3 2 0 2 2 1 1 2 3 1 3 1 1 1 0 0 1 1 3 2 2 0 0 3 2 2 1 2 1 0 2 2 2 0 1 0 3 1 3 3 2 0 0 0 3 2 3 3 1 3 1 1 2 1 2 0 3 1 2 1 0 0 3 2 1 1 3 2 3 3 0 0 2 -9 -9 -9 -9 -9 -9 -9 -9 -9 -9 -9 -9 -9 -9 -9 -9 -9 -9 -9 -9 -9 -9 -9 -9 -9 -9 -9 -9 -9 -9 
SM1587 3 3 1 2 2 1 0 1 0 1 1 3 1 3 1 1 0 0 1 1 0 3 2 0 2 0 0 2 0 1 2 2 0 2 0 2 3 2 2 3 1 0 2 1 0 3 2 0 2 2 1 1 2 3 1 3 1 1 1 0 0 1 1 3 2 2 0 0 3 2 2 1 2 1 0 2 2 2 0 1 0 3 1 3 3 2 0 0 0 3 2 3 3 1 3 3 1 2 1 2 0 3 1 2 1 0 0 3 2 1 1 3 2 3 3 0 0 2 1 0 3 3 1 1 2 2 3 2 2 0 2 3 2 0 3 2 0 2 1 3 0 1 2 3 0 3 2 0 
SM1588 3 3 1 2 2 1 0 1 0 1 1 3 1 3 1 1 0 0 1 1 0 3 2 0 2 0 0 2 0 1 2 2 0 2 0 2 3 2 2 3 1 0 2 1 0 3 2 0 2 2 1 1 2 3 1 3 1 1 1 0 0 1 1 3 2 2 0 0 3 2 2 1 2 1 0 2 2 2 0 1 0 3 1 3 3 2 0 0 0 3 2 3 3 1 3 3 1 2 1 2 0 3 1 2 1 0 0 3 2 1 1 3 2 3 3 0 0 2 -9 -9 -9 -9 -9 -9 -9 -9 -9 -9 -9 -9 -9 -9 -9 -9 -9 -9 -9 -9 -9 -9 -9 -9 -9 -9 -9 -9 -9 -9 
SM1589 3 3 1 2 2 1 0 1 0 1 1 3 1 3 1 1 0 0 1 1 0 3 2 0 2 0 0 2 0 1 2 2 0 2 0 2 3 2 2 3 1 0 2 1 0 3 2 0 2 2 1 1 2 3 1 3 1 1 1 0 0 1 1 3 2 2 0 0 3 2 2 1 2 1 0 2 2 2 0 1 0 3 1 3 3 2 0 0 0 3 2 3 3 1 3 1 1 2 1 2 0 3 1 2 1 0 0 3 2 1 1 3 2 3 3 0 0 2 -9 -9 -9 -9 -9 -9 -9 -9 -9 -9 -9 -9 -9 -9 -9 -9 -9 -9 -9 -9 -9 -9 -9 -9 -9 -9 -9 -9 -9 -9 
SM1590 3 3 1 2 2 1 0 1 0 1 1 3 1 3 1 1 0 0 1 1 0 3 2 0 2 0 0 2 0 1 2 2 0 2 0 2 3 2 2 3 1 0 2 1 0 3 2 0 2 2 1 1 2 3 1 3 1 1 1 0 0 1 1 3 2 2 0 0 3 2 2 1 2 1 0 2 2 2 0 1 0 3 1 3 3 2 0 0 0 3 2 3 3 1 3 3 1 2 1 2 0 3 1 2 1 0 0 3 2 1 1 3 2 3 3 0 0 2 -9 -9 -9 -9 -9 -9 -9 -9 -9 -9 -9 -9 -9 -9 -9 -9 -9 -9 -9 -9 -9 -9 -9 -9 -9 -9 -9 -9 -9 -9 
TAP1473 3 0 2 2 2 0 3 1 3 1 1 3 2 3 1 2 0 3 1 1 0 0 1 3 2 2 0 2 0 1 2 2 0 2 0 2 3 2 2 0 1 0 1 1 0 0 2 3 2 0 1 2 2 0 2 3 1 1 2 0 3 1 1 3 0 1 3 3 3 1 2 1 2 1 3 2 2 2 0 2 0 3 2 0 0 2 0 3 3 3 2 0 2 1 3 1 1 2 2 1 0 3 1 1 1 0 0 0 1 1 1 3 2 3 3 0 3 2 -9 -9 -9 -9 -9 -9 -9 -9 -9 -9 -9 -9 -9 -9 -9 -9 -9 -9 -9 -9 -9 -9 -9 -9 -9 -9 -9 -9 -9 -9 
TAP1474 3 0 2 2 2 0 3 1 3 1 1 3 2 3 1 2 0 3 1 1 0 0 1 3 2 2 0 2 0 1 2 2 0 2 0 2 3 2 2 0 1 0 1 1 0 0 2 3 2 0 1 2 2 0 2 3 1 1 2 0 3 1 1 3 0 1 3 3 3 1 2 1 2 1 3 2 2 2 0 2 0 3 2 0 0 2 0 3 3 3 2 0 2 1 3 1 1 2 2 1 0 3 1 1 1 0 0 0 1 1 1 3 2 3 3 0 3 2 -9 -9 -9 -9 -9 -9 -9 -9 -9 -9 -9 -9 -9 -9 -9 -9 -9 -9 -9 -9 -9 -9 -9 -9 -9 -9 -9 -9 -9 -9 
TAP1474_2 -9 -9 -9 -9 -9 -9 -9 -9 -9 -9 -9 -9 -9 -9 -9 -9 -9 -9 -9 -9 -9 -9 -9 -9 -9 -9 -9 -9 -9 -9 -9 -9 -9 -9 -9 -9 -9 -9 -9 -9 -9 -9 -9 -9 -9 -9 -9 -9 -9 -9 -9 -9 -9 -9 -9 -9 -9 -9 -9 -9 -9 -9 -9 -9 -9 -9 -9 -9 -9 -9 -9 -9 -9 -9 -9 -9 -9 -9 -9 -9 -9 -9 -9 -9 -9 -9 -9 -9 -9 -9 -9 -9 -9 -9 -9 -9 -9 -9 -9 -9 -9 -9 -9 -9 -9 -9 -9 -9 -9 -9 -9 -9 -9 -9 -9 -9 -9 -9 1 3 -9 3 1 1 2 2 3 2 2 0 2 3 2 0 3 2 0 1 1 3 0 1 1 3 0 3 2 0 
TAP1475 3 0 2 2 1 0 3 1 3 1 1 3 2 3 1 2 0 3 1 1 0 0 1 3 2 2 0 2 0 1 2 2 0 2 0 2 3 2 2 0 1 0 1 1 0 0 2 3 2 0 1 2 2 0 2 3 1 1 2 0 3 1 1 3 0 1 3 3 3 1 2 1 2 1 3 2 2 2 0 2 0 3 2 0 0 2 0 3 3 3 2 0 2 1 3 1 1 2 2 1 0 3 1 1 1 0 0 0 1 1 1 3 2 3 3 0 3 2 1 3 2 3 1 1 2 2 3 2 2 0 2 3 2 0 3 2 -9 1 1 3 0 1 -9 3 0 3 2 0 
TAP1476 3 0 2 2 2 0 3 1 3 1 1 3 2 3 1 2 0 3 1 1 0 0 1 3 2 2 0 2 0 1 2 1 0 2 0 2 3 2 2 0 1 0 1 2 0 0 2 3 2 0 1 2 2 0 2 3 1 1 2 0 3 1 1 3 0 1 3 3 3 1 2 1 2 1 3 2 2 2 0 2 0 3 2 0 0 2 0 3 3 3 2 0 2 1 3 1 1 2 2 1 0 3 1 1 1 0 0 0 1 1 1 3 2 3 3 0 3 2 1 -9 2 3 1 1 2 2 3 2 2 0 2 3 2 0 3 2 -9 1 1 3 0 1 1 3 -9 3 2 0 
TAP1477 3 0 2 2 2 0 3 2 3 1 1 3 2 3 1 2 0 0 1 1 0 0 1 0 2 1 0 2 0 2 2 2 0 2 0 2 3 2 2 0 1 0 1 1 0 0 1 3 2 3 1 2 1 0 2 3 1 1 2 0 3 2 2 3 0 1 0 0 3 2 2 1 2 1 3 2 2 2 0 2 0 3 2 0 0 2 0 0 3 0 2 3 3 1 3 1 1 2 2 1 0 3 2 2 2 3 0 3 1 1 1 3 1 3 3 0 3 2 -9 -9 -9 -9 -9 -9 -9 -9 -9 -9 -9 -9 -9 -9 -9 -9 -9 -9 -9 -9 -9 -9 -9 -9 -9 -9 -9 -9 -9 -9 
TAP1477_1 -9 -9 -9 -9 -9 -9 -9 -9 -9 -9 -9 -9 -9 -9 -9 -9 -9 -9 -9 -9 -9 -9 -9 -9 -9 -9 -9 -9 -9 -9 -9 -9 -9 -9 -9 -9 -9 -9 -9 -9 -9 -9 -9 -9 -9 -9 -9 -9 -9 -9 -9 -9 -9 -9 -9 -9 -9 -9 -9 -9 -9 -9 -9 -9 -9 -9 -9 -9 -9 -9 -9 -9 -9 -9 -9 -9 -9 -9 -9 -9 -9 -9 -9 -9 -9 -9 -9 -9 -9 -9 -9 -9 -9 -9 -9 -9 -9 -9 -9 -9 -9 -9 -9 -9 -9 -9 -9 -9 -9 -9 -9 -9 -9 -9 -9 -9 -9 -9 1 -9 -9 3 1 1 2 2 3 2 2 0 2 3 2 0 3 2 3 1 1 3 0 1 1 3 1 3 2 0 
TAP1477_2 -9 -9 -9 -9 -9 -9 -9 -9 -9 -9 -9 -9 -9 -9 -9 -9 -9 -9 -9 -9 -9 -9 -9 -9 -9 -9 -9 -9 -9 -9 -9 -9 -9 -9 -9 -9 -9 -9 -9 -9 -9 -9 -9 -9 -9 -9 -9 -9 -9 -9 -9 -9 -9 -9 -9 -9 -9 -9 -9 -9 -9 -9 -9 -9 -9 -9 -9 -9 -9 -9 -9 -9 -9 -9 -9 -9 -9 -9 -9 -9 -9 -9 -9 -9 -9 -9 -9 -9 -9 -9 -9 -9 -9 -9 -9 -9 -9 -9 -9 -9 -9 -9 -9 -9 -9 -9 -9 -9 -9 -9 -9 -9 -9 -9 -9 -9 -9 -9 1 -9 -9 3 1 1 2 2 3 2 2 0 2 3 2 0 3 2 0 1 1 3 0 1 2 3 0 3 2 0 
TAP1479 3 0 2 2 2 0 3 2 3 1 1 3 2 3 1 2 0 0 1 1 0 0 1 0 2 1 0 2 0 2 2 2 0 2 0 2 3 2 2 0 1 0 1 1 0 0 1 3 2 3 1 2 1 0 2 3 1 1 2 0 3 2 2 3 0 1 0 0 3 2 2 1 2 1 3 2 2 2 0 2 0 3 2 0 0 2 0 0 3 0 2 3 3 1 3 1 1 2 2 1 0 3 2 2 2 3 0 3 1 1 1 3 1 3 3 0 3 2 -9 -9 -9 -9 -9 -9 -9 -9 -9 -9 -9 -9 -9 -9 -9 -9 -9 -9 -9 -9 -9 -9 -9 -9 -9 -9 -9 -9 -9 -9 
TAP1480 3 0 2 2 2 0 3 2 3 1 1 3 2 3 1 2 0 0 1 1 0 0 1 0 2 1 0 2 0 2 2 2 0 2 0 2 3 2 2 0 1 0 1 1 0 0 1 3 2 3 1 2 1 0 2 3 1 1 2 0 3 2 2 3 0 1 0 0 3 2 2 1 2 1 3 2 2 2 0 2 0 3 2 0 0 2 0 0 3 0 2 3 3 1 3 1 1 2 2 1 0 3 2 2 2 3 0 3 1 1 1 3 1 3 3 0 3 2 1 -9 2 3 1 1 2 2 3 2 2 0 2 3 2 0 3 2 -9 1 1 3 0 1 1 3 -9 3 2 0 
TAP1481 3 0 2 2 2 0 3 1 3 1 1 3 2 3 1 2 0 3 1 1 0 0 1 3 2 2 0 2 0 1 2 1 0 2 0 2 3 2 2 0 1 0 1 2 0 0 2 3 2 0 1 2 2 0 2 3 1 1 2 0 3 1 1 3 0 1 3 3 3 1 2 1 2 1 3 2 2 2 0 2 0 3 2 0 0 2 0 3 3 3 2 0 2 1 3 1 1 2 2 1 0 3 1 1 1 0 0 0 1 1 1 3 2 3 3 0 3 2 -9 -9 -9 -9 -9 -9 -9 -9 -9 -9 -9 -9 -9 -9 -9 -9 -9 -9 -9 -9 -9 -9 -9 -9 -9 -9 -9 -9 -9 -9 
TAP1483 3 0 2 2 1 0 3 1 3 1 1 3 2 3 1 2 0 3 1 1 0 0 1 3 2 2 0 2 0 1 2 2 0 2 0 2 3 2 2 0 1 0 1 1 0 0 2 3 2 0 1 2 2 0 2 3 1 1 2 0 3 1 1 3 0 1 3 3 3 1 2 1 2 1 3 2 2 2 0 2 0 3 2 0 0 2 0 3 3 3 2 0 2 1 3 1 1 2 2 1 0 3 1 1 1 0 0 0 1 1 1 3 2 3 3 0 3 2 1 3 3 3 1 1 2 2 3 2 2 0 2 3 2 0 3 2 0 1 1 3 0 1 1 3 0 3 2 0 
TAP1513 3 0 2 2 2 0 3 2 3 1 1 3 2 3 1 2 0 0 1 1 0 0 1 0 2 1 0 2 0 2 2 2 0 2 0 2 3 2 2 0 1 0 1 1 0 0 1 3 2 3 1 2 1 0 2 3 1 1 2 0 3 2 2 3 0 1 0 0 3 2 2 1 2 1 3 2 2 2 0 2 0 3 2 0 0 2 0 0 3 0 2 3 3 1 3 1 1 2 2 1 0 3 2 2 2 3 0 3 1 1 1 3 1 3 3 0 3 2 -9 -9 -9 -9 -9 -9 -9 -9 -9 -9 -9 -9 -9 -9 -9 -9 -9 -9 -9 -9 -9 -9 -9 -9 -9 -9 -9 -9 -9 -9 
TAP1514 3 0 2 2 2 0 3 2 3 1 1 3 2 3 1 2 0 0 1 1 0 0 1 0 2 1 0 2 0 2 2 2 0 2 0 2 3 2 2 0 1 0 1 1 0 0 1 3 2 3 1 2 1 0 2 3 1 1 2 0 3 2 2 3 0 1 0 0 3 2 2 1 2 1 3 2 2 2 0 2 0 3 2 0 0 2 0 0 3 0 2 3 3 1 3 1 1 2 2 1 0 3 2 2 2 3 0 3 1 1 1 3 1 3 3 0 3 2 -9 -9 -9 -9 -9 -9 -9 -9 -9 -9 -9 -9 -9 -9 -9 -9 -9 -9 -9 -9 -9 -9 -9 -9 -9 -9 -9 -9 -9 -9 
TAP1515 3 0 2 2 1 0 3 1 3 1 1 3 2 3 1 2 0 3 1 1 0 0 1 3 2 2 0 2 0 1 2 2 0 2 0 2 3 2 2 0 1 0 1 1 0 0 2 3 2 0 1 2 2 0 2 3 1 1 2 0 3 1 1 3 0 1 3 3 3 1 2 1 2 1 3 2 2 2 0 2 0 3 2 0 0 2 0 3 3 3 2 0 2 1 3 1 1 2 2 1 0 3 1 1 1 0 0 0 1 1 1 3 2 3 3 0 3 2 -9 -9 -9 -9 -9 -9 -9 -9 -9 -9 -9 -9 -9 -9 -9 -9 -9 -9 -9 -9 -9 -9 -9 -9 -9 -9 -9 -9 -9 -9 
TAP1517 3 0 2 2 2 0 3 1 3 1 1 3 2 3 1 2 0 3 1 1 0 0 1 3 2 2 0 2 0 1 2 1 0 2 0 2 3 2 2 0 1 0 1 2 0 0 2 3 2 0 1 2 2 0 2 3 1 1 2 0 3 1 1 3 0 1 3 3 3 1 2 1 2 1 3 2 2 2 0 2 0 3 2 0 0 2 0 3 3 3 2 0 2 1 3 1 1 2 2 1 0 3 1 1 1 0 0 0 1 1 1 3 2 3 3 0 3 2 -9 -9 -9 -9 -9 -9 -9 -9 -9 -9 -9 -9 -9 -9 -9 -9 -9 -9 -9 -9 -9 -9 -9 -9 -9 -9 -9 -9 -9 -9 
TAP1518 3 0 2 2 2 0 3 1 3 1 1 3 2 3 1 2 0 3 1 1 0 0 1 3 2 2 0 2 0 1 2 1 0 2 0 2 3 2 2 0 1 0 1 2 0 0 2 3 2 0 1 2 2 0 2 3 1 1 2 0 3 1 1 3 0 1 3 3 3 1 2 1 2 1 3 2 2 2 0 2 0 3 2 0 0 2 0 3 3 3 2 0 2 1 3 1 1 2 2 1 0 3 1 1 1 0 0 0 1 1 1 3 2 3 3 0 3 2 -9 -9 -9 -9 -9 -9 -9 -9 -9 -9 -9 -9 -9 -9 -9 -9 -9 -9 -9 -9 -9 -9 -9 -9 -9 -9 -9 -9 -9 -9 
TAP1519 3 0 2 2 2 0 3 2 3 1 1 3 2 3 1 2 0 0 1 1 0 0 1 0 2 1 0 2 0 2 2 2 0 2 0 2 3 2 2 0 1 0 1 1 0 0 1 3 2 3 1 2 1 0 2 3 1 1 2 0 3 2 2 3 0 1 0 0 3 2 2 1 2 1 3 2 2 2 0 2 0 3 2 0 0 2 0 0 3 0 2 3 3 1 3 1 1 2 2 1 0 3 2 2 2 3 0 3 1 1 1 3 1 3 3 0 3 2 -9 -9 -9 -9 -9 -9 -9 -9 -9 -9 -9 -9 -9 -9 -9 -9 -9 -9 -9 -9 -9 -9 -9 -9 -9 -9 -9 -9 -9 -9 
TAP1520 3 0 2 2 2 0 3 2 3 1 1 3 2 3 1 2 0 0 1 1 0 0 1 0 2 1 0 2 0 2 2 2 0 2 0 2 3 2 2 0 1 0 1 1 0 0 1 3 2 3 1 2 1 0 2 3 1 1 2 0 3 2 2 3 0 1 0 0 3 2 2 1 2 1 3 2 2 2 0 2 0 3 2 0 0 2 0 0 3 0 2 3 3 1 3 1 1 2 2 1 0 3 2 2 2 3 0 3 1 1 1 3 1 3 3 0 3 2 -9 -9 -9 -9 -9 -9 -9 -9 -9 -9 -9 -9 -9 -9 -9 -9 -9 -9 -9 -9 -9 -9 -9 -9 -9 -9 -9 -9 -9 -9 
TAP1521 3 0 2 2 2 0 3 1 3 1 1 3 2 3 1 2 0 3 1 1 0 0 1 3 2 2 0 2 0 1 2 1 0 2 0 2 3 2 2 0 1 0 1 2 0 0 2 3 2 0 1 2 2 0 2 3 1 1 2 0 3 1 1 3 0 1 3 3 3 1 2 1 2 1 3 2 2 2 0 2 0 3 2 0 0 2 0 3 3 3 2 0 2 1 3 1 1 2 2 1 0 3 1 1 1 0 0 0 1 1 1 3 2 3 3 0 3 2 -9 -9 -9 -9 -9 -9 -9 -9 -9 -9 -9 -9 -9 -9 -9 -9 -9 -9 -9 -9 -9 -9 -9 -9 -9 -9 -9 -9 -9 -9 
