-35.369034481352 -7.59773231958272
-35.3633839244124 -7.6016397997248
-35.3629210116023 -7.60242325398838
-35.3667439037546 -7.59847571686609
-35.3685382872781 -7.59648213564418
-35.3621061389295 -7.60083138649119
-36.0174876693923 -8.36487312339554
-36.019454859142 -8.37060240437118
-36.020871668943 -8.36258034978369
-36.0161358535507 -8.3696245329625
-36.0208913983226 -8.37089102578191
-36.0206823355991 -8.36887222499196
-36.0159228263407 -8.36521891492959
-36.0140165262025 -8.36850824688403
-36.0135129578442 -8.36830390747245
-36.3965199232055 -8.20000190537656
-36.4020846492774 -8.1972675166931
-36.3966524271574 -8.20165973945055
-36.3999882389069 -8.20002365808934
-36.3965363548743 -8.19956559952348
-35.8320255059322 -8.7202002608411
-35.8327634185219 -8.72055690530529
-35.8317132478177 -8.71330142555833
-35.8288018546013 -8.7215675087397
-35.8378455490076 -8.72132102935649
-35.8344301544542 -8.71435190253733
-35.8377288106891 -8.72093534105532
-35.828742382514 -8.71961394532425
-38.7204771091517 -3.88097176897731
-38.7118510750293 -3.87910543922726
-38.7145315856843 -3.8796960816199
-38.7208367060225 -3.88652902942542
-38.7160786300719 -3.88559921332328
-38.7155125637174 -3.8803087065408
-38.7211913035608 -3.88395505405422
-35.18278929484 -8.01542462445172
-35.1849277726297 -8.0139553882841
-35.1878104207075 -8.01660600179182
-35.1879588692092 -8.02146912903599
-35.188271806081 -8.01845450129667
-35.1864969346944 -8.01823244921705
-35.1843142199998 -8.02059646111056
-999 -999
-999 -999
-999 -999
-999 -999
-999 -999
-999 -999
-999 -999
-999 -999
-999 -999
-999 -999
-999 -999
-999 -999
-999 -999
-999 -999
-999 -999
-999 -999
-999 -999
-999 -999
-999 -999
-999 -999
-999 -999
-999 -999
-999 -999
-999 -999
-999 -999
-999 -999
-999 -999
-999 -999
-999 -999
-999 -999
-999 -999
-999 -999
-999 -999
-999 -999
-999 -999
-999 -999
-999 -999
-999 -999
-999 -999
-999 -999
-999 -999
-999 -999
-999 -999
-999 -999
-999 -999
-999 -999
-999 -999
-999 -999
-999 -999
-999 -999
-999 -999
-999 -999
-999 -999
-999 -999
-999 -999
-999 -999
-999 -999
-999 -999
-999 -999
-999 -999
-999 -999
-999 -999
-999 -999
-999 -999
-999 -999
-999 -999
-999 -999
-999 -999
-999 -999
-999 -999
-999 -999
-999 -999
-999 -999
-999 -999
-999 -999
-999 -999
-999 -999
-999 -999
-999 -999
-999 -999
-999 -999
-999 -999
-999 -999
-999 -999
