0.0615050832485794 0.382588170583756 0.041782985954294 -999 -999 -999 -999 -999 -999 -999
0.0314068803050686 0.051085302974888 0.0204774622487961 -999 -999 -999 -999 -999 -999 -999
0.024662292752519 0.0395454212585391 0.0203889064084266 -999 -999 -999 -999 -999 -999 -999
0.189064339768292 0.0763107553047852 0.169941521983684 -999 -999 -999 -999 -999 -999 -999
0.0701115783803696 0.0377407559869742 0.0211921067424189 -999 -999 -999 -999 -999 -999 -999
0.0551590741425508 0.0245341797832226 0.126120632834621 -999 -999 -999 -999 -999 -999 -999
0.0184041358751141 0.0246643388677822 0.0629142759284106 -999 -999 -999 -999 -999 -999 -999
0.0187232237450756 0.0253018356336997 0.0823781843124705 -999 -999 -999 -999 -999 -999 -999
0.0182202748518559 0.0247981949119641 0.041953077779235 -999 -999 -999 -999 -999 -999 -999
0.0368980620347223 0.0238723197423334 0.0418174649731792 -999 -999 -999 -999 -999 -999 -999
0.0185695832081536 0.0245772379028458 0.0926399739990347 -999 -999 -999 -999 -999 -999 -999
0.0184683454040264 0.0241367246741471 0.0421815959201628 -999 -999 -999 -999 -999 -999 -999
0.0189202290811033 0.0247686986394812 0.0414559029127244 -999 -999 -999 -999 -999 -999 -999
0.0646067769276649 0.0252049828895287 0.0203780405449107 -999 -999 -999 -999 -999 -999 -999
0.0735431339234816 0.0245226552606409 0.021033965969991 -999 -999 -999 -999 -999 -999 -999
0.0365595086001794 0.0247142572587171 0.0211351242662339 -999 -999 -999 -999 -999 -999 -999
0.110377864043011 0.0248491186127603 0.0212803815873134 -999 -999 -999 -999 -999 -999 -999
0.0367190967189958 0.0250153274554948 0.0201902160536437 -999 -999 -999 -999 -999 -999 -999
0.0554581787621126 0.0248988715564122 0.0203090948185029 -999 -999 -999 -999 -999 -999 -999
0.0426223382271237 0.0668708507020277 0.0704290847619457 -999 -999 -999 -999 -999 -999 -999
-999 -999 -999 -999 -999 -999 -999 -999 -999 -999
-999 -999 -999 -999 -999 -999 -999 -999 -999 -999
-999 -999 -999 -999 -999 -999 -999 -999 -999 -999
0.025174474747501 0.0394430794115667 0.0412628843989224 -999 -999 -999 -999 -999 -999 -999
0.0247500671935535 0.0393407388543224 0.0202453384365556 -999 -999 -999 -999 -999 -999 -999
0.0249143385923845 0.0382492436143534 0.0201863868329855 -999 -999 -999 -999 -999 -999 -999
0.043239654914093 0.304178531584516 0.021182765685367 -999 -999 -999 -999 -999 -999 -999
0.251708241104644 0.0508142581042771 0.184565117937762 -999 -999 -999 -999 -999 -999 -999
0.0250863651615998 0.0372836816469203 0.0204960139532527 -999 -999 -999 -999 -999 -999 -999
0.0182960509738975 0.0240812378306335 0.0899129450240123 -999 -999 -999 -999 -999 -999 -999
0.0182198849467878 0.0237996320096852 0.0606669667659583 -999 -999 -999 -999 -999 -999 -999
0.0183839924183139 0.0242537414331937 0.0891820465525546 -999 -999 -999 -999 -999 -999 -999
0.01868316497533 0.0237849659018504 0.0407938727393432 -999 -999 -999 -999 -999 -999 -999
0.0182529415819124 0.0234367909090388 0.0979565643087516 -999 -999 -999 -999 -999 -999 -999
0.0185211397724965 0.0243436062830833 0.0406137139148397 -999 -999 -999 -999 -999 -999 -999
0.0183002754665115 0.0249778671243577 0.040788926695216 -999 -999 -999 -999 -999 -999 -999
0.0355147385882034 0.0241995497481373 0.020084402428524 -999 -999 -999 -999 -999 -999 -999
0.0384319531781608 0.0242894237251725 0.0197392831121658 -999 -999 -999 -999 -999 -999 -999
0.0543839649443084 0.0240143774478604 0.0198647365973069 -999 -999 -999 -999 -999 -999 -999
0.0393090133507252 0.0236016239633897 0.0205096428650903 -999 -999 -999 -999 -999 -999 -999
0.0386621207982087 0.0239259388246822 0.0206966370631291 -999 -999 -999 -999 -999 -999 -999
0.0959650340855305 0.0236964682016525 0.0203466368210434 -999 -999 -999 -999 -999 -999 -999
0.0358722775032871 0.0241807976368136 0.020640065838324 -999 -999 -999 -999 -999 -999 -999
0.138330305702551 0.154104445744493 0.0902650520288957 -999 -999 -999 -999 -999 -999 -999
-999 -999 -999 -999 -999 -999 -999 -999 -999 -999
-999 -999 -999 -999 -999 -999 -999 -999 -999 -999
0.354204078855495 0.0665317098639309 0.482987473305783 -999 -999 -999 -999 -999 -999 -999
0.0295684066821392 0.0499328590298461 0.0769190813436201 -999 -999 -999 -999 -999 -999 -999
0.156024039914015 0.170164377053396 0.025528894469996 -999 -999 -999 -999 -999 -999 -999
0.0552372556462419 0.0505306348628483 0.0261736780551259 -999 -999 -999 -999 -999 -999 -999
0.0226774746619227 0.0316805196538256 0.0863313777286979 -999 -999 -999 -999 -999 -999 -999
0.0224383097449706 0.0334518585534609 0.0519977285496835 -999 -999 -999 -999 -999 -999 -999
0.0211098914719172 0.0321770971478408 0.0763296769595209 -999 -999 -999 -999 -999 -999 -999
0.043574649988671 0.0317883081663302 0.0259950929085806 -999 -999 -999 -999 -999 -999 -999
0.0223604940115962 0.254414995330178 0.0255854100565639 -999 -999 -999 -999 -999 -999 -999
0.093936208969816 0.0320013702445816 0.0253816909151025 -999 -999 -999 -999 -999 -999 -999
0.178869190053216 0.247326270093762 0.0967698957073267 -999 -999 -999 -999 -999 -999 -999
-999 -999 -999 -999 -999 -999 -999 -999 -999 -999
-999 -999 -999 -999 -999 -999 -999 -999 -999 -999
-999 -999 -999 -999 -999 -999 -999 -999 -999 -999
-999 -999 -999 -999 -999 -999 -999 -999 -999 -999
-999 -999 -999 -999 -999 -999 -999 -999 -999 -999
-999 -999 -999 -999 -999 -999 -999 -999 -999 -999
-999 -999 -999 -999 -999 -999 -999 -999 -999 -999
-999 -999 -999 -999 -999 -999 -999 -999 -999 -999
-999 -999 -999 -999 -999 -999 -999 -999 -999 -999
-999 -999 -999 -999 -999 -999 -999 -999 -999 -999
-999 -999 -999 -999 -999 -999 -999 -999 -999 -999
-999 -999 -999 -999 -999 -999 -999 -999 -999 -999
0.0245065785875916 0.0301576688621668 0.163998704632349 -999 -999 -999 -999 -999 -999 -999
0.0249726839810511 0.029284346245854 0.162013209061604 -999 -999 -999 -999 -999 -999 -999
0.0248463263346472 0.0295313012971771 0.0788962207356664 -999 -999 -999 -999 -999 -999 -999
0.0253507631215908 0.0600008696831728 0.0275071629494905 -999 -999 -999 -999 -999 -999 -999
0.0501781339689237 0.0299610527929056 0.0269194010326979 -999 -999 -999 -999 -999 -999 -999
0.0987753981012262 0.0303361954305378 0.0272936764882536 -999 -999 -999 -999 -999 -999 -999
0.0249385597664827 0.0303181170505668 0.0534826495071451 -999 -999 -999 -999 -999 -999 -999
0.0243808648985116 0.180265063318325 0.0266828921202772 -999 -999 -999 -999 -999 -999 -999
0.0496073827076296 0.0304140246331361 0.0272518404869423 -999 -999 -999 -999 -999 -999 -999
0.0738744553271606 0.0295269401214103 0.0266712887875271 -999 -999 -999 -999 -999 -999 -999
0.0418806355189111 0.0653758419179715 0.0274075999624727 -999 -999 -999 -999 -999 -999 -999
0.0503502315906074 0.0299972144977966 0.0275392634437772 -999 -999 -999 -999 -999 -999 -999
0.0499670747248287 0.0299431974557774 0.0274509830410554 -999 -999 -999 -999 -999 -999 -999
0.0341739515516046 0.0466152261263945 0.0267827823562509 -999 -999 -999 -999 -999 -999 -999
0.024824220628791 0.0301157956652829 0.0542495227147094 -999 -999 -999 -999 -999 -999 -999
0.0505275267555986 0.0293717853575028 0.0262547180453414 -999 -999 -999 -999 -999 -999 -999
0.049890544085851 0.0301779284734403 0.0261828901158822 -999 -999 -999 -999 -999 -999 -999
0.0437475107149569 0.062087945460469 0.0281162509247189 -999 -999 -999 -999 -999 -999 -999
0.0768402904923152 0.0306539095285461 0.0266473755621231 -999 -999 -999 -999 -999 -999 -999
0.048896993704684 0.0300492650792029 0.027326359401068 -999 -999 -999 -999 -999 -999 -999
0.0489824988297248 0.0303595945910026 0.0269647119968882 -999 -999 -999 -999 -999 -999 -999
0.0331712089681226 0.0468077799459213 0.0265045777654844 -999 -999 -999 -999 -999 -999 -999
0.0253161656391893 0.0586489364654397 0.0278559188682762 -999 -999 -999 -999 -999 -999 -999
0.026327335333057 0.0315067391248545 0.110732331365769 -999 -999 -999 -999 -999 -999 -999
0.0501255934090981 0.0308135700367259 0.0280095314374769 -999 -999 -999 -999 -999 -999 -999
0.0258726287018339 0.0914356253177275 0.0280644488292123 -999 -999 -999 -999 -999 -999 -999
0.0256922200782438 0.0309459692254542 0.19429616246986 -999 -999 -999 -999 -999 -999 -999
0.128024260087092 0.0309437025686162 0.0285361743924074 -999 -999 -999 -999 -999 -999 -999
0.0255464269800326 0.185338746335849 0.0276096532595183 -999 -999 -999 -999 -999 -999 -999
0.0254374071696861 0.0301290799274598 0.0557319179623178 -999 -999 -999 -999 -999 -999 -999
0.0514336480487848 0.0311490183223201 0.0271663817491656 -999 -999 -999 -999 -999 -999 -999
0.127261915352246 0.0299643023462013 0.0286362085041596 -999 -999 -999 -999 -999 -999 -999
0.0762104141998551 0.0312459451673262 0.0277695555532257 -999 -999 -999 -999 -999 -999 -999
0.02551178816013 0.0311907311920451 0.0819776254838516 -999 -999 -999 -999 -999 -999 -999
0.0501008302223336 0.0311158395439395 0.0278090770340754 -999 -999 -999 -999 -999 -999 -999
0.0351338723240998 0.0485257543336644 0.0272445225874841 -999 -999 -999 -999 -999 -999 -999
0.0249123278271984 0.0302924158868026 0.0551750820277158 -999 -999 -999 -999 -999 -999 -999
0.0351676843928068 0.0483846591299864 0.0280599309166885 -999 -999 -999 -999 -999 -999 -999
0.0341334220597433 0.0486697051452953 0.0281964794783133 -999 -999 -999 -999 -999 -999 -999
0.0354137345112919 0.0488806259903943 0.0282223526575032 -999 -999 -999 -999 -999 -999 -999
0.0503028584756423 0.030406097407343 0.0280927434505528 -999 -999 -999 -999 -999 -999 -999
0.0510395564351078 0.0313226930748095 0.0283744140180387 -999 -999 -999 -999 -999 -999 -999
0.0338620517289423 0.0482261203222167 0.0267766886678585 -999 -999 -999 -999 -999 -999 -999
0.0362460861190556 0.0482422325829045 0.0279691047984392 -999 -999 -999 -999 -999 -999 -999
0.0262439383837196 0.0312704270180649 0.0555496133563661 -999 -999 -999 -999 -999 -999 -999
-999 -999 -999 -999 -999 -999 -999 -999 -999 -999
-999 -999 -999 -999 -999 -999 -999 -999 -999 -999
-999 -999 -999 -999 -999 -999 -999 -999 -999 -999
-999 -999 -999 -999 -999 -999 -999 -999 -999 -999
-999 -999 -999 -999 -999 -999 -999 -999 -999 -999
-999 -999 -999 -999 -999 -999 -999 -999 -999 -999
-999 -999 -999 -999 -999 -999 -999 -999 -999 -999
-999 -999 -999 -999 -999 -999 -999 -999 -999 -999
-999 -999 -999 -999 -999 -999 -999 -999 -999 -999
-999 -999 -999 -999 -999 -999 -999 -999 -999 -999
-999 -999 -999 -999 -999 -999 -999 -999 -999 -999
-999 -999 -999 -999 -999 -999 -999 -999 -999 -999
-999 -999 -999 -999 -999 -999 -999 -999 -999 -999
-999 -999 -999 -999 -999 -999 -999 -999 -999 -999
-999 -999 -999 -999 -999 -999 -999 -999 -999 -999
-999 -999 -999 -999 -999 -999 -999 -999 -999 -999
-999 -999 -999 -999 -999 -999 -999 -999 -999 -999
-999 -999 -999 -999 -999 -999 -999 -999 -999 -999
-999 -999 -999 -999 -999 -999 -999 -999 -999 -999
-999 -999 -999 -999 -999 -999 -999 -999 -999 -999
-999 -999 -999 -999 -999 -999 -999 -999 -999 -999
-999 -999 -999 -999 -999 -999 -999 -999 -999 -999
-999 -999 -999 -999 -999 -999 -999 -999 -999 -999
-999 -999 -999 -999 -999 -999 -999 -999 -999 -999
