-35.3667 -7.6 0.352652560564244 0.463048144740877 0.184299294694879 0 0 0 0 0 0 0
-35.3667 -7.6 0.352652560564244 0.463048144740877 0.184299294694879 0 0 0 0 0 0 0
-35.3667 -7.6 0.352652560564244 0.463048144740877 0.184299294694879 0 0 0 0 0 0 0
-35.3667 -7.6 0.352652560564244 0.463048144740877 0.184299294694879 0 0 0 0 0 0 0
-35.3667 -7.6 0.352652560564244 0.463048144740877 0.184299294694879 0 0 0 0 0 0 0
-35.3667 -7.6 0.352652560564244 0.463048144740877 0.184299294694879 0 0 0 0 0 0 0
-36.0167 -8.3667 0.169886537871818 0.161606869058571 0.668506593069611 0 0 0 0 0 0 0
-36.0167 -8.3667 0.169886537871818 0.161606869058571 0.668506593069611 0 0 0 0 0 0 0
-36.0167 -8.3667 0.169886537871818 0.161606869058571 0.668506593069611 0 0 0 0 0 0 0
-36.0167 -8.3667 0.169886537871818 0.161606869058571 0.668506593069611 0 0 0 0 0 0 0
-36.0167 -8.3667 0.169886537871818 0.161606869058571 0.668506593069611 0 0 0 0 0 0 0
-36.0167 -8.3667 0.169886537871818 0.161606869058571 0.668506593069611 0 0 0 0 0 0 0
-36.0167 -8.3667 0.169886537871818 0.161606869058571 0.668506593069611 0 0 0 0 0 0 0
-36.0167 -8.3667 0.169886537871818 0.161606869058571 0.668506593069611 0 0 0 0 0 0 0
-36.0167 -8.3667 0.169886537871818 0.161606869058571 0.668506593069611 0 0 0 0 0 0 0
-36.4 -8.2 0.1704998466728 0.161606869058571 0.667893284268629 0 0 0 0 0 0 0
-36.4 -8.2 0.1704998466728 0.161606869058571 0.667893284268629 0 0 0 0 0 0 0
-36.4 -8.2 0.1704998466728 0.161606869058571 0.667893284268629 0 0 0 0 0 0 0
-36.4 -8.2 0.1704998466728 0.161606869058571 0.667893284268629 0 0 0 0 0 0 0
-36.4 -8.2 0.1704998466728 0.161606869058571 0.667893284268629 0 0 0 0 0 0 0
-35.8333 -8.7167 0.668506593069611 0.169886537871818 0.161606869058571 0 0 0 0 0 0 0
-35.8333 -8.7167 0.668506593069611 0.169886537871818 0.161606869058571 0 0 0 0 0 0 0
-35.8333 -8.7167 0.668506593069611 0.169886537871818 0.161606869058571 0 0 0 0 0 0 0
-35.8333 -8.7167 0.668506593069611 0.169886537871818 0.161606869058571 0 0 0 0 0 0 0
-35.8333 -8.7167 0.668506593069611 0.169886537871818 0.161606869058571 0 0 0 0 0 0 0
-35.8333 -8.7167 0.668506593069611 0.169886537871818 0.161606869058571 0 0 0 0 0 0 0
-35.8333 -8.7167 0.668506593069611 0.169886537871818 0.161606869058571 0 0 0 0 0 0 0
-35.8333 -8.7167 0.668506593069611 0.169886537871818 0.161606869058571 0 0 0 0 0 0 0
-38.7167 -3.8833 0.161606869058571 0.668506593069611 0.169886537871818 0 0 0 0 0 0 0
-38.7167 -3.8833 0.161606869058571 0.668506593069611 0.169886537871818 0 0 0 0 0 0 0
-38.7167 -3.8833 0.161606869058571 0.668506593069611 0.169886537871818 0 0 0 0 0 0 0
-38.7167 -3.8833 0.161606869058571 0.668506593069611 0.169886537871818 0 0 0 0 0 0 0
-38.7167 -3.8833 0.161606869058571 0.668506593069611 0.169886537871818 0 0 0 0 0 0 0
-38.7167 -3.8833 0.161606869058571 0.668506593069611 0.169886537871818 0 0 0 0 0 0 0
-38.7167 -3.8833 0.161606869058571 0.668506593069611 0.169886537871818 0 0 0 0 0 0 0
-35.1833 -8.0167 0.668506593069611 0.169579883471328 0.161913523459062 0 0 0 0 0 0 0
-35.1833 -8.0167 0.668506593069611 0.169579883471328 0.161913523459062 0 0 0 0 0 0 0
-35.1833 -8.0167 0.668506593069611 0.169579883471328 0.161913523459062 0 0 0 0 0 0 0
-35.1833 -8.0167 0.668506593069611 0.169579883471328 0.161913523459062 0 0 0 0 0 0 0
-35.1833 -8.0167 0.668506593069611 0.169579883471328 0.161913523459062 0 0 0 0 0 0 0
-35.1833 -8.0167 0.668506593069611 0.169579883471328 0.161913523459062 0 0 0 0 0 0 0
-35.1833 -8.0167 0.668506593069611 0.169579883471328 0.161913523459062 0 0 0 0 0 0 0
