0.373821100147828 0.0427807846780916 0.094637634394403 -999 -999 -999 -999 -999 -999 -999
0.032486244018908 0.0200883862848428 0.0447239519991581 -999 -999 -999 -999 -999 -999 -999
0.0319727269855008 0.0192230034007338 0.0301759327450691 -999 -999 -999 -999 -999 -999 -999
0.0341975844839758 0.171308757201842 0.202356515551959 -999 -999 -999 -999 -999 -999 -999
0.0306645855149276 0.0207154096663893 0.0712669448077091 -999 -999 -999 -999 -999 -999 -999
0.0261151862698594 0.1224652975422 0.0495846883456025 -999 -999 -999 -999 -999 -999 -999
0.0299707006037522 0.059984064686345 0.0162995660106484 -999 -999 -999 -999 -999 -999 -999
0.0279527891328903 0.0816942997758344 0.0147350329507466 -999 -999 -999 -999 -999 -999 -999
0.030016441755438 0.0421198909955196 0.0162426230512526 -999 -999 -999 -999 -999 -999 -999
0.0296971899639409 0.0406064113814411 0.0340817775881369 -999 -999 -999 -999 -999 -999 -999
0.028861918969091 0.0892894989933964 0.0155054891592295 -999 -999 -999 -999 -999 -999 -999
0.0301964478740426 0.0423553117586845 0.0169565294324098 -999 -999 -999 -999 -999 -999 -999
0.0288271330260711 0.0439063728828002 0.0170756557838731 -999 -999 -999 -999 -999 -999 -999
0.0299582701840087 0.0211463563521236 0.0599830713715686 -999 -999 -999 -999 -999 -999 -999
0.028356464605786 0.0224910335693639 0.0658119399311025 -999 -999 -999 -999 -999 -999 -999
0.0313108037218728 0.023949005983594 0.0331721959753433 -999 -999 -999 -999 -999 -999 -999
0.0305214174854317 0.0208264625620323 0.0983289011840679 -999 -999 -999 -999 -999 -999 -999
0.0278195119096977 0.021455281663804 0.0319355483569032 -999 -999 -999 -999 -999 -999 -999
0.0303142629749972 0.020579268569006 0.0500086064559749 -999 -999 -999 -999 -999 -999 -999
0.08693922037198 0.0730151020519555 0.0371173949048423 -999 -999 -999 -999 -999 -999 -999
-999 -999 -999 -999 -999 -999 -999 -999 -999 -999
0.0282814477976188 0.0404522517288753 0.0327415331858031 -999 -999 -999 -999 -999 -999 -999
0.0306146808233472 0.0213339259339114 0.032230321728425 -999 -999 -999 -999 -999 -999 -999
0.0307348590546165 0.0208353162016189 0.0284877696855994 -999 -999 -999 -999 -999 -999 -999
0.350723320206551 0.0218395064742022 0.0506210431759292 -999 -999 -999 -999 -999 -999 -999
0.0306861207096267 0.182571123247954 0.240641965089081 -999 -999 -999 -999 -999 -999 -999
0.0281846885605019 0.0220366951066261 0.0305837399349657 -999 -999 -999 -999 -999 -999 -999
0.0288702524908373 0.0855187334449531 0.0170694452522558 -999 -999 -999 -999 -999 -999 -999
0.0316480683865484 0.0593989459442262 0.0172815932345018 -999 -999 -999 -999 -999 -999 -999
0.0263617647023679 0.0877576209833569 0.0174773867024513 -999 -999 -999 -999 -999 -999 -999
0.0270087806779199 0.0401702571787497 0.0165648074015066 -999 -999 -999 -999 -999 -999 -999
0.0285090884926271 0.0942366729310824 0.0171382815999505 -999 -999 -999 -999 -999 -999 -999
0.0289790709598453 0.0415711728299738 0.0149499229676001 -999 -999 -999 -999 -999 -999 -999
0.0315250599512052 0.0421727559148364 0.0157029492441959 -999 -999 -999 -999 -999 -999 -999
0.0271321668260765 0.0211256066547432 0.0324800536038782 -999 -999 -999 -999 -999 -999 -999
0.0275007626272001 0.0219798014098142 0.0359820483812339 -999 -999 -999 -999 -999 -999 -999
0.0315282075422624 0.0181206513747224 0.0476445386507557 -999 -999 -999 -999 -999 -999 -999
0.0266108001729741 0.0216282093918494 0.0339800729068574 -999 -999 -999 -999 -999 -999 -999
0.0306298197649937 0.0214670647703368 0.0344204061413409 -999 -999 -999 -999 -999 -999 -999
0.0266354678598661 0.0228997079452869 0.0819368244971923 -999 -999 -999 -999 -999 -999 -999
0.0286909948742289 0.0196913511249183 0.0314391658574217 -999 -999 -999 -999 -999 -999 -999
0.0991445775187853 0.0931926294079622 0.170626130759055 -999 -999 -999 -999 -999 -999 -999
0.0436763057937909 0.48026596424028 0.325886674916965 -999 -999 -999 -999 -999 -999 -999
0.0397615244171381 0.0814772483519125 0.0378477389499377 -999 -999 -999 -999 -999 -999 -999
0.150788141633161 0.0256834854444649 0.169400535294067 -999 -999 -999 -999 -999 -999 -999
0.0438068640645452 0.0266487413904975 0.0614725683292813 -999 -999 -999 -999 -999 -999 -999
0.0360357129730111 0.0841441537550499 0.0210782403075321 -999 -999 -999 -999 -999 -999 -999
0.0325247045961554 0.0493327831651324 0.0209749690769832 -999 -999 -999 -999 -999 -999 -999
0.0394383531161267 0.0758196339059334 0.0184605306218236 -999 -999 -999 -999 -999 -999 -999
0.0411285768001845 0.0258375076296959 0.0413322832992623 -999 -999 -999 -999 -999 -999 -999
0.327205254709812 0.0266646268107606 0.0192799357485199 -999 -999 -999 -999 -999 -999 -999
0.039008521567018 0.0255211319965517 0.0780126089948636 -999 -999 -999 -999 -999 -999 -999
0.206626040329057 0.0986047233097221 0.206253914460764 -999 -999 -999 -999 -999 -999 -999
-999 -999 -999 -999 -999 -999 -999 -999 -999 -999
-999 -999 -999 -999 -999 -999 -999 -999 -999 -999
-999 -999 -999 -999 -999 -999 -999 -999 -999 -999
-999 -999 -999 -999 -999 -999 -999 -999 -999 -999
-999 -999 -999 -999 -999 -999 -999 -999 -999 -999
-999 -999 -999 -999 -999 -999 -999 -999 -999 -999
-999 -999 -999 -999 -999 -999 -999 -999 -999 -999
-999 -999 -999 -999 -999 -999 -999 -999 -999 -999
-999 -999 -999 -999 -999 -999 -999 -999 -999 -999
-999 -999 -999 -999 -999 -999 -999 -999 -999 -999
-999 -999 -999 -999 -999 -999 -999 -999 -999 -999
-999 -999 -999 -999 -999 -999 -999 -999 -999 -999
-999 -999 -999 -999 -999 -999 -999 -999 -999 -999
-999 -999 -999 -999 -999 -999 -999 -999 -999 -999
-999 -999 -999 -999 -999 -999 -999 -999 -999 -999
-999 -999 -999 -999 -999 -999 -999 -999 -999 -999
-999 -999 -999 -999 -999 -999 -999 -999 -999 -999
-999 -999 -999 -999 -999 -999 -999 -999 -999 -999
-999 -999 -999 -999 -999 -999 -999 -999 -999 -999
-999 -999 -999 -999 -999 -999 -999 -999 -999 -999
-999 -999 -999 -999 -999 -999 -999 -999 -999 -999
-999 -999 -999 -999 -999 -999 -999 -999 -999 -999
-999 -999 -999 -999 -999 -999 -999 -999 -999 -999
-999 -999 -999 -999 -999 -999 -999 -999 -999 -999
-999 -999 -999 -999 -999 -999 -999 -999 -999 -999
-999 -999 -999 -999 -999 -999 -999 -999 -999 -999
-999 -999 -999 -999 -999 -999 -999 -999 -999 -999
-999 -999 -999 -999 -999 -999 -999 -999 -999 -999
-999 -999 -999 -999 -999 -999 -999 -999 -999 -999
-999 -999 -999 -999 -999 -999 -999 -999 -999 -999
-999 -999 -999 -999 -999 -999 -999 -999 -999 -999
-999 -999 -999 -999 -999 -999 -999 -999 -999 -999
-999 -999 -999 -999 -999 -999 -999 -999 -999 -999
-999 -999 -999 -999 -999 -999 -999 -999 -999 -999
-999 -999 -999 -999 -999 -999 -999 -999 -999 -999
-999 -999 -999 -999 -999 -999 -999 -999 -999 -999
-999 -999 -999 -999 -999 -999 -999 -999 -999 -999
-999 -999 -999 -999 -999 -999 -999 -999 -999 -999
-999 -999 -999 -999 -999 -999 -999 -999 -999 -999
-999 -999 -999 -999 -999 -999 -999 -999 -999 -999
-999 -999 -999 -999 -999 -999 -999 -999 -999 -999
-999 -999 -999 -999 -999 -999 -999 -999 -999 -999
-999 -999 -999 -999 -999 -999 -999 -999 -999 -999
-999 -999 -999 -999 -999 -999 -999 -999 -999 -999
-999 -999 -999 -999 -999 -999 -999 -999 -999 -999
-999 -999 -999 -999 -999 -999 -999 -999 -999 -999
-999 -999 -999 -999 -999 -999 -999 -999 -999 -999
-999 -999 -999 -999 -999 -999 -999 -999 -999 -999
-999 -999 -999 -999 -999 -999 -999 -999 -999 -999
-999 -999 -999 -999 -999 -999 -999 -999 -999 -999
-999 -999 -999 -999 -999 -999 -999 -999 -999 -999
-999 -999 -999 -999 -999 -999 -999 -999 -999 -999
