33
26
16
31
30
27
17
14
10
8
12
26
7
14
24
26
20
4
35
40
17
12
23
9
4
11
17
7
27
10
13
6
7
11
16
8
30
35
13
23
29
9
9
15
12
23
21
16
38
12
10
24
7
13
14
19
27
16
13
8
29
10
15
12
22
3
9
16
33
16
19
23
13
16
10
3
3
3
4
4
6
10
3
4
10
7
5
10
15
14
15
17
14
18
28
10
25
10
31
13
30
9
5
14
20
17
14
10
4
20
7
7
12
29
24
6
38
10
19
44
20
28
7
16
5
6
2
26
25
16
7
6
12
18
23
30
21
12
6
32
4
19
9
13
28
19
4
4
8
15
10
11
4
10
10
15
40
5
7
21
20
8
6
12
6
4
25
9
28
28
7
31
15
47
16
39
38
35
3
14
26
32
18
33
49
21
33
4
4
3
14
9
8
5
5
27
22
25
6
29
19
32
19
31
27
11
5
34
31
4
19
6
23
25
15
18
25
5
2
26
27
33
21
27
41
11
33
20
24
21
10
7
10
8
22
36
23
6
14
6
20
5
15
39
16
20
20
18
19
41
28
19
17
24
28
8
13
23
33
32
10
26
14
19
17
28
38
9
7
39
13
5
18
12
34
6
14
7
8
10
22
18
38
32
40
3
3
14
40
30
20
6
13
15
18
11
35
11
4
10
20
19
31
33
28
18
10
9
23
30
28
22
15
13
13
30
14
36
14
12
20
18
15
33
37
27
47
36
9
26
9
42
29
34
17
14
4
17
37
41
14
30
16
11
13
19
23
26
7
25
32
25
14
33
21
7
16
7
11
25
14
18
27
4
4
18
11
39
8
17
16
14
4
4
10
16
35
7
13
40
21
12
20
25
22
7
7
9
44
28
9
14
24
18
12
48
18
13
39
19
22
19
25
15
27
15
5
20
23
30
26
10
13
42
19
14
15
38
12
19
20
11
6
37
10
25
10
17
29
13
27
19
23
40
23
20
36
16
30
45
5
7
9
13
19
4
5
22
40
12
29
13
14
21
38
24
28
8
26
20
25
16
36
16
28
37
5
39
17
19
28
23
36
30
22
52
28
5
23
7
11
9
25
9
33
32
16
24
8
15
5
12
20
11
4
10
38
17
34
38
44
22
6
38
6
18
18
22
15
7
24
19
31
12
4
35
12
8
47
18
18
39
22
27
26
13
28
22
18
35
18
17
11
19
43
33
29
11
7
33
29
8
7
23
22
34
18
16
17
25
43
22
18
21
11
13
17
24
33
33
9
7
12
31
17
11
14
12
37
27
7
17
36
28
33
15
47
21
15
17
11
31
22
6
34
42
29
41
24
31
22
30
22
21
23
12
21
10
13
5
41
25
4
8
26
44
43
12
12
33
25
33
8
9
13
32
24
29
46
32
45
35
5
6
10
24
8
32
15
38
20
37
43
23
14
10
13
13
27
33
13
4
43
7
5
12
13
5
6
16
28
26
3
20
28
18
28
18
14
20
13
32
33
17
32
13
16
39
48
25
19
37
5
47
10
5
7
29
28
13
13
21
13
6
13
26
21
22
9
5
28
20
34
14
18
34
16
11
21
20
16
24
31
16
5
27
9
9
24
7
12
15
17
7
41
50
30
13
27
25
25
3
11
5
11
31
28
10
25
26
25
22
7
11
26
24
17
22
7
14
38
21
31
23
16
31
22
13
25
31
14
23
16
3
9
19
20
27
15
28
34
42
21
23
12
17
11
42
9
13
28
12
24
18
31
37
28
8
24
27
20
22
4
16
9
22
8
5
13
20
7
7
24
18
17
19
12
32
27
3
26
39
16
13
11
18
26
5
8
9
36
17
19
22
4
4
20
17
14
28
13
4
29
9
31
22
23
36
19
43
28
33
26
19
4
13
14
40
30
33
8
9
32
15
13
37
16
11
17
32
31
29
11
23
35
28
16
8
39
44
9
21
20
7
12
8
14
15
14
7
9
12
20
15
17
16
3
10
7
23
17
37
12
9
36
8
15
21
16
32
15
11
30
24
6
19
33
11
18
11
28
19
9
19
14
29
20
33
7
25
17
16
10
14
7
12
14
34
20
30
13
14
19
42
5
17
7
31
14
23
17
14
22
33
32
35
39
8
19
21
8
19
25
32
26
6
6
8
14
5
19
25
30
29
36
31
16
8
22
4
26
16
17
8
14
31
12
25
14
22
9
24
12
29
4
12
13
30
27
29
5
26
9
24
9
13
28
21
32
30
32
12
36
14
14
43
9
21
3
17
