-35.3667 -7.6 0.212201591511936 0.188328912466843 0.59946949602122 0 0 0 0 0 0 0
-35.3667 -7.6 0.212201591511936 0.188328912466843 0.59946949602122 0 0 0 0 0 0 0
-35.3667 -7.6 0.212201591511936 0.188328912466843 0.59946949602122 0 0 0 0 0 0 0
-35.3667 -7.6 0.212201591511936 0.188328912466843 0.59946949602122 0 0 0 0 0 0 0
-35.3667 -7.6 0.212201591511936 0.188328912466843 0.59946949602122 0 0 0 0 0 0 0
-35.3667 -7.6 0.212201591511936 0.188328912466843 0.59946949602122 0 0 0 0 0 0 0
-36.0167 -8.3667 0.188328912466843 0.636604774535809 0.175066312997347 0 0 0 0 0 0 0
-36.0167 -8.3667 0.188328912466843 0.636604774535809 0.175066312997347 0 0 0 0 0 0 0
-36.0167 -8.3667 0.188328912466843 0.636604774535809 0.175066312997347 0 0 0 0 0 0 0
-36.0167 -8.3667 0.188328912466843 0.636604774535809 0.175066312997347 0 0 0 0 0 0 0
-36.0167 -8.3667 0.188328912466843 0.636604774535809 0.175066312997347 0 0 0 0 0 0 0
-36.0167 -8.3667 0.188328912466843 0.636604774535809 0.175066312997347 0 0 0 0 0 0 0
-36.0167 -8.3667 0.188328912466843 0.636604774535809 0.175066312997347 0 0 0 0 0 0 0
-36.0167 -8.3667 0.188328912466843 0.636604774535809 0.175066312997347 0 0 0 0 0 0 0
-36.0167 -8.3667 0.188328912466843 0.636604774535809 0.175066312997347 0 0 0 0 0 0 0
-36.4 -8.2 0.190981432360743 0.641909814323607 0.16710875331565 0 0 0 0 0 0 0
-36.4 -8.2 0.190981432360743 0.641909814323607 0.16710875331565 0 0 0 0 0 0 0
-36.4 -8.2 0.190981432360743 0.641909814323607 0.16710875331565 0 0 0 0 0 0 0
-36.4 -8.2 0.190981432360743 0.641909814323607 0.16710875331565 0 0 0 0 0 0 0
-36.4 -8.2 0.190981432360743 0.641909814323607 0.16710875331565 0 0 0 0 0 0 0
-35.8333 -8.7167 0.161803713527851 0.19893899204244 0.639257294429708 0 0 0 0 0 0 0
-35.8333 -8.7167 0.161803713527851 0.19893899204244 0.639257294429708 0 0 0 0 0 0 0
-35.8333 -8.7167 0.161803713527851 0.19893899204244 0.639257294429708 0 0 0 0 0 0 0
-35.8333 -8.7167 0.161803713527851 0.19893899204244 0.639257294429708 0 0 0 0 0 0 0
-35.8333 -8.7167 0.161803713527851 0.19893899204244 0.639257294429708 0 0 0 0 0 0 0
-35.8333 -8.7167 0.161803713527851 0.19893899204244 0.639257294429708 0 0 0 0 0 0 0
-35.8333 -8.7167 0.161803713527851 0.19893899204244 0.639257294429708 0 0 0 0 0 0 0
-35.8333 -8.7167 0.161803713527851 0.19893899204244 0.639257294429708 0 0 0 0 0 0 0
-38.7167 -3.8833 0.644562334217507 0.161803713527851 0.193633952254642 0 0 0 0 0 0 0
-38.7167 -3.8833 0.644562334217507 0.161803713527851 0.193633952254642 0 0 0 0 0 0 0
-38.7167 -3.8833 0.644562334217507 0.161803713527851 0.193633952254642 0 0 0 0 0 0 0
-38.7167 -3.8833 0.644562334217507 0.161803713527851 0.193633952254642 0 0 0 0 0 0 0
-38.7167 -3.8833 0.644562334217507 0.161803713527851 0.193633952254642 0 0 0 0 0 0 0
-38.7167 -3.8833 0.644562334217507 0.161803713527851 0.193633952254642 0 0 0 0 0 0 0
-38.7167 -3.8833 0.644562334217507 0.161803713527851 0.193633952254642 0 0 0 0 0 0 0
-35.1833 -8.0167 0.161803713527851 0.19893899204244 0.639257294429708 0 0 0 0 0 0 0
-35.1833 -8.0167 0.161803713527851 0.19893899204244 0.639257294429708 0 0 0 0 0 0 0
-35.1833 -8.0167 0.161803713527851 0.19893899204244 0.639257294429708 0 0 0 0 0 0 0
-35.1833 -8.0167 0.161803713527851 0.19893899204244 0.639257294429708 0 0 0 0 0 0 0
-35.1833 -8.0167 0.161803713527851 0.19893899204244 0.639257294429708 0 0 0 0 0 0 0
-35.1833 -8.0167 0.161803713527851 0.19893899204244 0.639257294429708 0 0 0 0 0 0 0
-35.1833 -8.0167 0.161803713527851 0.19893899204244 0.639257294429708 0 0 0 0 0 0 0
