16	14
17	27
13	19
13	18
16	14
26	26
22	29
22	17
16	14
2	4
2	4
8	30
2	4
18	4
3	12
2	4
3	12
2	4
31	1
3	12
2	4
2	4
2	4
3	20
2	4
2	28
2	22
1	15
1	1
1	1
1	1
1	1
1	1
1	15
1	1
1	12
27	1
1	1
1	7
1	1
1	1
1	16
1	1
1	1
1	1
1	1
1	1
1	1
1	1
23	11
11	24
30	23
23	11
29	23
14	24
14	23
11	24
11	8
25	25
15	13
23	11
6	10
4	21
23	11
10	9
21	9
21	9
6	10
25	25
20	2
20	2
28	6
9	6
5	6
9	6
9	6
9	3
9	6
9	6
9	3
9	6
9	3
9	6
9	3
9	3
9	6
9	3
19	5
19	5
12	5
24	5
7	10
7	10
7	10
24	5
12	5
7	10
7	10
12	5
24	5
24	5
7	10
7	10
24	5
