Individual	cmyc-phased_exon2_1	cmyc-phased_exon2_2	cmyc-phased_intron2_1	cmyc-phased_intron2_2	cmyc-phased_exon3_1	cmyc-phased_exon3_2
AA925	2	1	1	1	1	1
AA936	3	1	2	2	2	2
AA946	5	4	3	3	3	3
AA947	4	1	4	4	4	4
AA948	4	1	5	5	3	3
AA949	4	2	6	5	3	1
BC726	4	4	7	5	2	5
BC727	4	4	7	7	6	1
BC728	4	6	8	5	5	5
BC729	4	7	9	9	1	1
BC730	9	8	7	1	7	1
BC763	4	6	5	5	7	1
BC765	7	8	8	9	1	1
BC766	6	6	5	5	1	1
BC770	10	8	10	5	1	1
BMD376	11	11	11	11	1	1
BMD377	1	12	5	9	1	1
BMD826	6	6	13	12	1	1
BMD830	4	11	11	5	2	1
BMD840	13	11	11	11	1	1
FC1015	15	14	5	5	1	1
FC1020	5	4	14	5	3	1
FC1037	16	4	15	15	3	3
FC1038	17	4	16	5	1	1
FC1058	15	18	5	5	3	3
FC1059	19	17	16	4	8	1
FC1065	14	14	5	5	1	1
FC481	15	4	17	17	4	4
SM1553	1	1	4	4	9	9
SM1577	1	1	4	4	3	3
SM1578	1	1	4	4	9	9
SM1580	1	1	4	4	9	9
SM1581	1	1	4	4	9	9
SM1582	1	1	4	4	9	9
SM1587	1	1	4	4	3	3
TAP1474	4	10	18	18	1	1
TAP1475	4	4	19	5	3	1
TAP1476	17	6	19	5	10	1
TAP1477	17	1	19	19	10	10
TAP1479	19	4	20	5	1	1
TAP1480	17	6	19	5	10	1
TAP1483	5	5	5	5	1	1
