-35.3625459098847 -7.60303712989669
-35.3683368420841 -7.60060165899806
-35.36828221344 -7.59926618274301
-35.3702174895031 -7.59540061024716
-35.3668487644529 -7.59795571882511
-35.3677677508777 -7.60256012568949
-36.01219917578 -8.37052236495847
-36.0212353131206 -8.36957728445604
-36.0198384863774 -8.36333554806029
-36.0150578423411 -8.37133049123529
-36.0140594028503 -8.36751522119697
-36.0123444334891 -8.36938757384503
-36.0138786459303 -8.36537350475397
-36.0200781366679 -8.36801677727681
-36.0206649361465 -8.36705080923
-36.4007080896641 -8.20070535416482
-36.3978158411384 -8.20140086954692
-36.4037534767762 -8.19912205855362
-36.3974743202073 -8.19935071823886
-36.3962336723274 -8.19660990846343
-35.8377061680837 -8.71732790173804
-35.8305268688935 -8.71830078050336
-35.8381505472415 -8.71995656820554
-35.8311465629695 -8.716067317711
-35.8297263881207 -8.71921063930802
-35.8335655667882 -8.72028947839821
-35.8295162273144 -8.72052781208493
-35.8290417232543 -8.71459136639796
-38.7154920453982 -3.88442871779129
-38.7123901947083 -3.88792721051415
-38.7167517557398 -3.88564418303007
-38.7125159811026 -3.87948197256932
-38.7165364205007 -3.88332791065024
-38.7195061041725 -3.88089129981976
-38.7185489659461 -3.88350101904636
-35.1784621568692 -8.01360084679285
-35.1862244680819 -8.01969293201882
-35.1871185417769 -8.0194477427572
-35.1827312424678 -8.02151534117833
-35.1869126485025 -8.01950325166415
-35.1857553621118 -8.0198544919475
-35.1853613149158 -8.0146953778116
-999 -999
-999 -999
-999 -999
-999 -999
-999 -999
-999 -999
-999 -999
-999 -999
-999 -999
-999 -999
-999 -999
-999 -999
-999 -999
-999 -999
-999 -999
-999 -999
-999 -999
-999 -999
-999 -999
-999 -999
-999 -999
-999 -999
-999 -999
-999 -999
-999 -999
-999 -999
-999 -999
-999 -999
-999 -999
-999 -999
-999 -999
-999 -999
-999 -999
-999 -999
-999 -999
-999 -999
-999 -999
-999 -999
-999 -999
-999 -999
-999 -999
-999 -999
-999 -999
-999 -999
-999 -999
-999 -999
-999 -999
-999 -999
-999 -999
-999 -999
-999 -999
-999 -999
-999 -999
-999 -999
-999 -999
-999 -999
-999 -999
-999 -999
-999 -999
-999 -999
-999 -999
-999 -999
-999 -999
-999 -999
-999 -999
-999 -999
-999 -999
-999 -999
-999 -999
-999 -999
-999 -999
-999 -999
-999 -999
-999 -999
-999 -999
-999 -999
-999 -999
-999 -999
-999 -999
-999 -999
-999 -999
-999 -999
-999 -999
-999 -999
