-999 -999 -999 -999 -999
-999 -999 -999 -999 -999
-999 -999 -999 -999 -999
-999 -999 -999 -999 -999
-999 -999 -999 -999 -999
-999 -999 -999 -999 -999
-999 -999 -999 -999 -999
-999 -999 -999 -999 -999
-999 -999 -999 -999 -999
-999 -999 -999 -999 -999
-999 -999 -999 -999 -999
-999 -999 -999 -999 -999
-999 -999 -999 -999 -999
-999 -999 -999 -999 -999
-999 -999 -999 -999 -999
-999 -999 -999 -999 -999
-999 -999 -999 -999 -999
-999 -999 -999 -999 -999
-999 -999 -999 -999 -999
-999 -999 -999 -999 -999
-999 -999 -999 -999 -999
-999 -999 -999 -999 -999
-999 -999 -999 -999 -999
0.0347682895274354 0.0386371597391158 0.0285359956064042 0.0604440953539044 0.156265172666329
0.0324673221462027 0.033519850493435 0.0286999637467698 0.173826933405955 0.0396199281341828
0.0366535228150262 0.031056799264171 0.0289971310804915 0.0812322149867766 0.0339588342827562
0.0371640839754115 0.0628914939974079 0.0314550266668893 0.0277983878644001 0.0320672510121133
0.0381867270778717 0.0339760453709489 0.046433900043794 0.0301266978907239 0.0368189350591288
0.0432997676094694 0.0337596946977989 0.100007847461335 0.0323373323431221 0.0426399039682642
0.0414901757277181 0.0336993900749743 0.0288685980516471 0.0591584753854581 0.0314475673411607
0.0348835192871212 0.190596158964057 0.0274618820862742 0.0304285109532035 0.0345615417731864
0.042101758066777 0.0337563356971514 0.045808095812331 0.0324742244814427 0.0371675314880361
0.0405844670510348 0.0379942103093093 0.0755787335047576 0.032397080067676 0.0361536092650197
0.0675809796332872 0.0360816378649769 0.0363264656140948 0.0315481874747232 0.0536601107121708
0.0429449855373204 0.0321186767650864 0.0485680058504123 0.031158857180744 0.0366927652386005
0.0427421356698075 0.0352588516889634 0.0476647881137464 0.0353090268991043 0.0366137906031729
0.0524706956233014 0.0329157579775869 0.0302446774752751 0.031751229559932 0.0427971346543589
0.0311935000802438 0.0328637897775839 0.0326715023864135 0.0564232832857049 0.034626365256993
0.0357744873993945 0.03206649091901 0.0543043129071324 0.0309006358832685 0.0382815406041617
0.0440450399400262 0.0333446089250197 0.0485477211334474 0.0323053989375983 0.0348950177961808
0.0665687918655285 0.0333981936922184 0.0368791434588098 0.0303916976058495 0.053428272237306
0.0495362433885492 0.0362067306045294 0.06301599320521 0.0371263001577136 0.039178035459471
0.0454338027707192 0.0326516207128125 0.0525915439634863 0.0294897478278682 0.03441204078208
0.0465382809013152 0.0318837978426199 0.0451510707093014 0.032855707545964 0.0335665659063424
0.0521039477508321 0.0374494120392211 0.0338578590304085 0.0313075787043028 0.046327749037466
0.0414674761556068 0.0638732925820013 0.028329742091568 0.0292083962045644 0.0348203367215181
0.0369517271580474 0.0386962154306206 0.0324679139359432 0.0536150646389661 0.109373198553632
0.0399728961720513 0.0328614457622212 0.0489549037005112 0.031311987993307 0.0371688206197041
0.039657451866652 0.100671273787815 0.0281374185143573 0.0309189237519043 0.0349591847435661
0.0361447221721596 0.0352399867702326 0.0307920212553354 0.205729002303817 0.0401933323529104
0.0505480776949061 0.0387826634120137 0.123391720764447 0.0339807358075694 0.0472979781643465
0.0408406524395386 0.193401228230425 0.0309434130976432 0.032342223408554 0.0379390542728981
0.0353402524851034 0.0375326315049959 0.0299661132184751 0.0391935986200897 0.0591273039813714
0.0496021382187114 0.0341360209318512 0.0444342238988931 0.0320768363156145 0.0362114483038249
0.0543833578504341 0.0367284937085029 0.120212381763493 0.0346565107219765 0.0436197617228378
0.0507185682259635 0.0397736087797698 0.060707871758104 0.035417759475283 0.0409601721838314
0.0406060827877563 0.0308640588573557 0.0316690759893479 0.0889814384146844 0.0343481227918856
0.0429576077215177 0.034461037059776 0.0532912192744006 0.0338138175379713 0.0377898572142683
0.0556516675840318 0.033066749328386 0.0321259028114056 0.0294434774391971 0.0452735183444208
0.0403625669363073 0.034157074028799 0.0318441373242529 0.035737947823942 0.0541327713652641
0.0517171390013481 0.0343164063847729 0.0331754609279309 0.0328127192534803 0.0484356639127791
0.0527913087257704 0.0366827184504268 0.0348463712255983 0.0322652169595042 0.0464177720445444
0.0506535100560339 0.0350619310056995 0.0367028801971078 0.032481972394894 0.0424055804832728
0.040350921726813 0.0371628177077346 0.0514048619826198 0.0337560494885628 0.0382768172427232
0.0412218162962442 0.0354649499267602 0.0468404220175968 0.0338975964847534 0.0384936787179054
0.0560143406655554 0.0338961080985073 0.0336424852443427 0.0292047061997909 0.0454953684776584
0.0554356774985811 0.0343520221477364 0.0336404444409127 0.0285536334621507 0.0474042395179036
0.0380775167164733 0.0326905586855985 0.0308087566572815 0.0598087815039875 0.0346763549884516
-999 -999 -999 -999 -999
-999 -999 -999 -999 -999
-999 -999 -999 -999 -999
-999 -999 -999 -999 -999
-999 -999 -999 -999 -999
-999 -999 -999 -999 -999
-999 -999 -999 -999 -999
-999 -999 -999 -999 -999
-999 -999 -999 -999 -999
-999 -999 -999 -999 -999
-999 -999 -999 -999 -999
-999 -999 -999 -999 -999
-999 -999 -999 -999 -999
-999 -999 -999 -999 -999
-999 -999 -999 -999 -999
-999 -999 -999 -999 -999
-999 -999 -999 -999 -999
-999 -999 -999 -999 -999
-999 -999 -999 -999 -999
-999 -999 -999 -999 -999
-999 -999 -999 -999 -999
-999 -999 -999 -999 -999
-999 -999 -999 -999 -999
-999 -999 -999 -999 -999
