39
44
27
36
31
33
47
44
33
37
44
39
34
4
15
11
17
50
36
48
31
38
52
24
46
28
9
36
37
31
41
23
41
35
35
45
29
32
28
40
28
37
26
28
13
14
34
37
48
24
49
38
47
28
18
29
41
41
49
38
24
51
28
30
13
27
15
28
40
34
40
44
27
18
25
39
34
42
36
25
32
51
36
50
33
34
32
35
32
19
15
22
25
26
44
30
45
26
26
18
44
29
38
31
31
27
46
35
42
14
31
41
21
38
40
29
29
25
11
29
33
31
34
35
27
27
41
39
24
41
46
24
24
30
30
43
20
25
34
16
38
24
28
25
13
24
23
40
34
24
31
39
48
28
34
50
35
38
36
42
42
32
43
27
30
32
28
26
24
41
34
32
23
53
34
36
41
22
31
15
37
40
27
37
37
38
37
55
33
29
27
16
24
11
43
44
48
50
34
47
30
32
29
24
32
24
18
7
31
49
35
39
22
23
45
52
39
34
26
22
23
41
53
29
17
19
23
33
26
19
30
41
49
31
37
41
27
25
16
29
17
16
31
36
38
33
16
18
21
4
27
51
35
14
35
32
35
45
20
10
29
17
41
21
38
24
17
30
32
24
41
34
32
44
31
31
37
43
13
33
32
20
30
46
35
20
31
45
26
21
22
26
40
24
38
24
32
34
40
28
40
40
42
41
45
39
32
37
47
47
20
36
20
17
14
31
40
56
54
34
16
28
38
31
36
30
17
6
27
35
46
39
54
17
39
28
11
18
34
22
23
26
15
40
37
25
33
30
26
25
24
38
38
16
30
18
21
25
42
46
35
39
26
36
48
35
29
37
30
30
13
21
34
9
9
27
20
12
25
18
22
34
43
28
24
20
35
13
18
43
31
38
19
21
41
33
23
23
25
36
32
20
25
44
42
51
37
53
28
17
5
15
36
33
37
37
32
41
27
41
47
34
18
26
47
25
27
32
30
36
23
29
44
27
38
37
29
46
29
39
38
43
43
47
24
13
30
42
19
34
35
30
31
18
29
17
41
12
39
13
38
25
35
33
15
17
30
34
22
33
45
37
17
34
35
29
21
22
21
16
21
32
18
24
10
26
33
38
23
27
14
40
23
31
42
44
46
23
12
25
24
33
28
20
19
19
6
17
39
34
26
15
52
37
35
36
9
20
25
40
49
25
35
27
31
35
29
32
18
17
19
18
19
27
47
52
26
31
24
33
38
39
36
24
30
18
33
36
50
28
40
29
38
56
29
17
35
45
26
44
38
26
14
16
37
11
15
32
9
13
19
16
17
24
24
33
33
46
32
33
18
41
21
19
26
15
20
12
28
28
37
30
30
34
25
37
37
24
39
19
20
23
34
22
16
18
27
37
46
27
18
36
27
19
23
32
12
21
22
21
24
36
34
43
32
31
35
36
45
25
28
22
42
25
30
39
44
18
39
42
45
25
30
25
38
48
22
26
20
35
47
26
33
43
12
35
20
43
14
27
24
26
31
31
40
29
35
38
51
35
38
30
39
17
46
25
27
41
18
27
19
16
17
27
35
46
48
25
28
42
27
14
24
13
14
10
29
37
41
36
26
29
48
40
36
25
42
31
24
37
26
42
48
35
31
36
30
27
44
43
34
10
36
41
46
42
26
11
28
21
26
36
31
41
32
30
43
18
41
16
40
38
34
27
7
34
32
30
38
44
38
22
15
11
24
32
29
26
33
31
47
27
36
46
37
25
39
22
25
28
39
21
32
26
17
36
13
15
12
46
37
17
31
38
35
34
21
27
33
35
23
25
19
12
32
43
39
21
35
41
36
42
26
32
18
34
23
20
31
25
41
27
33
61
45
16
28
30
27
21
35
29
35
9
39
50
18
20
27
23
34
41
43
38
38
53
37
34
43
41
27
32
31
32
54
23
15
13
35
17
21
38
37
44
29
45
23
29
37
7
35
47
37
28
29
29
22
16
42
32
42
26
30
20
30
20
37
39
21
14
10
25
22
31
35
42
32
17
29
36
18
24
18
50
36
42
35
34
21
23
44
20
31
30
36
24
41
23
23
20
13
31
23
31
21
21
41
25
37
23
35
23
29
27
33
26
51
56
45
36
22
42
31
37
25
23
24
31
21
47
31
45
38
34
30
40
39
13
12
26
29
41
38
15
25
37
29
32
52
40
33
24
46
41
39
22
18
31
33
32
30
34
37
32
30
33
39
23
35
26
6
6
32
41
22
45
34
36
24
35
21
24
20
36
42
27
48
30
42
31
