-35.3667 -7.6 0.295938104448743 0.160541586073501 0.201160541586073 0.13926499032882 0.203094777562863
-35.3667 -7.6 0.295938104448743 0.160541586073501 0.201160541586073 0.13926499032882 0.203094777562863
-35.3667 -7.6 0.295938104448743 0.160541586073501 0.201160541586073 0.13926499032882 0.203094777562863
-35.3667 -7.6 0.295938104448743 0.160541586073501 0.201160541586073 0.13926499032882 0.203094777562863
-35.3667 -7.6 0.295938104448743 0.160541586073501 0.201160541586073 0.13926499032882 0.203094777562863
-35.3667 -7.6 0.295938104448743 0.160541586073501 0.201160541586073 0.13926499032882 0.203094777562863
-36.0167 -8.3667 0.131528046421663 0.156673114119923 0.125725338491296 0.427466150870406 0.158607350096712
-36.0167 -8.3667 0.131528046421663 0.156673114119923 0.125725338491296 0.427466150870406 0.158607350096712
-36.0167 -8.3667 0.131528046421663 0.156673114119923 0.125725338491296 0.427466150870406 0.158607350096712
-36.0167 -8.3667 0.131528046421663 0.156673114119923 0.125725338491296 0.427466150870406 0.158607350096712
-36.0167 -8.3667 0.131528046421663 0.156673114119923 0.125725338491296 0.427466150870406 0.158607350096712
-36.0167 -8.3667 0.131528046421663 0.156673114119923 0.125725338491296 0.427466150870406 0.158607350096712
-36.0167 -8.3667 0.131528046421663 0.156673114119923 0.125725338491296 0.427466150870406 0.158607350096712
-36.0167 -8.3667 0.131528046421663 0.156673114119923 0.125725338491296 0.427466150870406 0.158607350096712
-36.0167 -8.3667 0.131528046421663 0.156673114119923 0.125725338491296 0.427466150870406 0.158607350096712
-36.4 -8.2 0.160541586073501 0.176015473887814 0.137330754352031 0.199226305609284 0.326885880077369
-36.4 -8.2 0.160541586073501 0.176015473887814 0.137330754352031 0.199226305609284 0.326885880077369
-36.4 -8.2 0.160541586073501 0.176015473887814 0.137330754352031 0.199226305609284 0.326885880077369
-36.4 -8.2 0.160541586073501 0.176015473887814 0.137330754352031 0.199226305609284 0.326885880077369
-36.4 -8.2 0.160541586073501 0.176015473887814 0.137330754352031 0.199226305609284 0.326885880077369
-35.8333 -8.7167 0.193423597678917 0.137330754352031 0.290135396518375 0.18568665377176 0.193423597678917
-35.8333 -8.7167 0.193423597678917 0.137330754352031 0.290135396518375 0.18568665377176 0.193423597678917
-35.8333 -8.7167 0.193423597678917 0.137330754352031 0.290135396518375 0.18568665377176 0.193423597678917
-35.8333 -8.7167 0.193423597678917 0.137330754352031 0.290135396518375 0.18568665377176 0.193423597678917
-35.8333 -8.7167 0.193423597678917 0.137330754352031 0.290135396518375 0.18568665377176 0.193423597678917
-35.8333 -8.7167 0.193423597678917 0.137330754352031 0.290135396518375 0.18568665377176 0.193423597678917
-35.8333 -8.7167 0.193423597678917 0.137330754352031 0.290135396518375 0.18568665377176 0.193423597678917
-35.8333 -8.7167 0.193423597678917 0.137330754352031 0.290135396518375 0.18568665377176 0.193423597678917
-38.7167 -3.8833 0.158607350096712 0.411992263056093 0.13926499032882 0.135396518375242 0.154738878143133
-38.7167 -3.8833 0.158607350096712 0.411992263056093 0.13926499032882 0.135396518375242 0.154738878143133
-38.7167 -3.8833 0.158607350096712 0.411992263056093 0.13926499032882 0.135396518375242 0.154738878143133
-38.7167 -3.8833 0.158607350096712 0.411992263056093 0.13926499032882 0.135396518375242 0.154738878143133
-38.7167 -3.8833 0.158607350096712 0.411992263056093 0.13926499032882 0.135396518375242 0.154738878143133
-38.7167 -3.8833 0.158607350096712 0.411992263056093 0.13926499032882 0.135396518375242 0.154738878143133
-38.7167 -3.8833 0.158607350096712 0.411992263056093 0.13926499032882 0.135396518375242 0.154738878143133
-35.1833 -8.0167 0.199226305609284 0.158607350096712 0.353965183752418 0.145067698259188 0.143133462282398
-35.1833 -8.0167 0.199226305609284 0.158607350096712 0.353965183752418 0.145067698259188 0.143133462282398
-35.1833 -8.0167 0.199226305609284 0.158607350096712 0.353965183752418 0.145067698259188 0.143133462282398
-35.1833 -8.0167 0.199226305609284 0.158607350096712 0.353965183752418 0.145067698259188 0.143133462282398
-35.1833 -8.0167 0.199226305609284 0.158607350096712 0.353965183752418 0.145067698259188 0.143133462282398
-35.1833 -8.0167 0.199226305609284 0.158607350096712 0.353965183752418 0.145067698259188 0.143133462282398
-35.1833 -8.0167 0.199226305609284 0.158607350096712 0.353965183752418 0.145067698259188 0.143133462282398
