0.0874155585471103 0.0425094252677915 0.381769221482051 -999 -999 -999 -999 -999 -999 -999
0.0437356272839133 0.0229146995086314 0.0316853546630437 -999 -999 -999 -999 -999 -999 -999
0.0288545121274761 0.0225821665845698 0.0347314205111152 -999 -999 -999 -999 -999 -999 -999
0.196236496861691 0.177444083832974 0.0408322796386959 -999 -999 -999 -999 -999 -999 -999
0.0702386792112685 0.024450178780888 0.0329461759520725 -999 -999 -999 -999 -999 -999 -999
0.0538338265710385 0.119262376749079 0.0275670365979786 -999 -999 -999 -999 -999 -999 -999
0.02012482858114 0.0612341147183738 0.0298832096959693 -999 -999 -999 -999 -999 -999 -999
0.0224106051968547 0.0754365861601716 0.0273988863013924 -999 -999 -999 -999 -999 -999 -999
0.0198776686860578 0.0384653283678033 0.0284485720352286 -999 -999 -999 -999 -999 -999 -999
0.0357453547571968 0.0436586120692634 0.0312751201830281 -999 -999 -999 -999 -999 -999 -999
0.0242964051673652 0.088189010215199 0.0304553910906185 -999 -999 -999 -999 -999 -999 -999
0.0201402394488462 0.0395411330197072 0.0293342057906395 -999 -999 -999 -999 -999 -999 -999
0.0186397885206631 0.0373132883801532 0.0270263415610049 -999 -999 -999 -999 -999 -999 -999
0.054168858358719 0.022853679510172 0.0268760432572681 -999 -999 -999 -999 -999 -999 -999
0.059477667829881 0.0250204157582403 0.0268417785192374 -999 -999 -999 -999 -999 -999 -999
0.0322782058614945 0.0204535994901901 0.0259166492467793 -999 -999 -999 -999 -999 -999 -999
0.0926535054202611 0.0282303229120226 0.026943326939444 -999 -999 -999 -999 -999 -999 -999
0.0336035467433877 0.0213608365961679 0.0274142335732873 -999 -999 -999 -999 -999 -999 -999
0.0468305212577801 0.0211971199562679 0.026231722643708 -999 -999 -999 -999 -999 -999 -999
0.0394381035678553 0.067883022122334 0.0864230303174386 -999 -999 -999 -999 -999 -999 -999
-999 -999 -999 -999 -999 -999 -999 -999 -999 -999
0.0301536859619674 0.0414414456586536 0.0287593032809896 -999 -999 -999 -999 -999 -999 -999
0.0309998876090563 0.0206672952298141 0.0301260669376438 -999 -999 -999 -999 -999 -999 -999
0.0338483576758649 0.020800915411396 0.0308561219497661 -999 -999 -999 -999 -999 -999 -999
0.0479152744821169 0.0211941712255856 0.352328293264039 -999 -999 -999 -999 -999 -999 -999
0.227102711356364 0.195892438209207 0.0346558455069208 -999 -999 -999 -999 -999 -999 -999
0.028601547780963 0.0204824028971099 0.0293971212174086 -999 -999 -999 -999 -999 -999 -999
0.020314926946451 0.0832068725963165 0.0273898174961111 -999 -999 -999 -999 -999 -999 -999
0.0203857507059219 0.0541988664399191 0.0274343051975629 -999 -999 -999 -999 -999 -999 -999
0.0234148295560399 0.0824072398082655 0.0276034106399016 -999 -999 -999 -999 -999 -999 -999
0.0191650731721358 0.0389607794131739 0.0276971157568991 -999 -999 -999 -999 -999 -999 -999
0.0239793618522973 0.0881989385320615 0.0265626760604474 -999 -999 -999 -999 -999 -999 -999
0.0208393042663214 0.0391873124516951 0.0255825276874727 -999 -999 -999 -999 -999 -999 -999
0.0203670458601511 0.0380786609396783 0.0285667461987931 -999 -999 -999 -999 -999 -999 -999
0.0318818305238878 0.0195913774945982 0.0256879304530699 -999 -999 -999 -999 -999 -999 -999
0.0318527867750419 0.0198562697843756 0.029108041764776 -999 -999 -999 -999 -999 -999 -999
0.0462705638171051 0.023656552647452 0.0272694270125934 -999 -999 -999 -999 -999 -999 -999
0.0320746340900695 0.0207802440220874 0.0269314153883957 -999 -999 -999 -999 -999 -999 -999
0.0348460100282345 0.0217152911325075 0.0298434582139875 -999 -999 -999 -999 -999 -999 -999
0.0812592799856409 0.0269980158614178 0.0279892512658151 -999 -999 -999 -999 -999 -999 -999
0.0317216850694706 0.0218326329910729 0.0280303221564708 -999 -999 -999 -999 -999 -999 -999
0.163005452484899 0.100852277253613 0.108180802550936 -999 -999 -999 -999 -999 -999 -999
0.322036169992372 0.479065466478086 0.0513438932815749 -999 -999 -999 -999 -999 -999 -999
0.0426697089852109 0.0728934395281013 0.0406030626967336 -999 -999 -999 -999 -999 -999 -999
0.159928746204763 0.0340963955429997 0.147962549534262 -999 -999 -999 -999 -999 -999 -999
0.0623524135772538 0.0266163219772668 0.0412617713937219 -999 -999 -999 -999 -999 -999 -999
0.0265176220728005 0.0835945901433259 0.0375722944499909 -999 -999 -999 -999 -999 -999 -999
0.0232089916770007 0.0474031663808632 0.0360768968437004 -999 -999 -999 -999 -999 -999 -999
0.0259594120095563 0.0733504850781748 0.0378951939449622 -999 -999 -999 -999 -999 -999 -999
0.0383538151548654 0.0253901601230819 0.0355452208218449 -999 -999 -999 -999 -999 -999 -999
0.0213271296495393 0.0224880397109148 0.320426787604794 -999 -999 -999 -999 -999 -999 -999
0.0783282951967405 0.0313667365224578 0.0420459642452651 -999 -999 -999 -999 -999 -999 -999
0.199317695479898 0.103735198514727 0.209266365183151 -999 -999 -999 -999 -999 -999 -999
-999 -999 -999 -999 -999 -999 -999 -999 -999 -999
-999 -999 -999 -999 -999 -999 -999 -999 -999 -999
-999 -999 -999 -999 -999 -999 -999 -999 -999 -999
-999 -999 -999 -999 -999 -999 -999 -999 -999 -999
-999 -999 -999 -999 -999 -999 -999 -999 -999 -999
-999 -999 -999 -999 -999 -999 -999 -999 -999 -999
-999 -999 -999 -999 -999 -999 -999 -999 -999 -999
-999 -999 -999 -999 -999 -999 -999 -999 -999 -999
-999 -999 -999 -999 -999 -999 -999 -999 -999 -999
-999 -999 -999 -999 -999 -999 -999 -999 -999 -999
-999 -999 -999 -999 -999 -999 -999 -999 -999 -999
-999 -999 -999 -999 -999 -999 -999 -999 -999 -999
-999 -999 -999 -999 -999 -999 -999 -999 -999 -999
-999 -999 -999 -999 -999 -999 -999 -999 -999 -999
-999 -999 -999 -999 -999 -999 -999 -999 -999 -999
-999 -999 -999 -999 -999 -999 -999 -999 -999 -999
-999 -999 -999 -999 -999 -999 -999 -999 -999 -999
-999 -999 -999 -999 -999 -999 -999 -999 -999 -999
-999 -999 -999 -999 -999 -999 -999 -999 -999 -999
-999 -999 -999 -999 -999 -999 -999 -999 -999 -999
-999 -999 -999 -999 -999 -999 -999 -999 -999 -999
-999 -999 -999 -999 -999 -999 -999 -999 -999 -999
-999 -999 -999 -999 -999 -999 -999 -999 -999 -999
-999 -999 -999 -999 -999 -999 -999 -999 -999 -999
-999 -999 -999 -999 -999 -999 -999 -999 -999 -999
-999 -999 -999 -999 -999 -999 -999 -999 -999 -999
-999 -999 -999 -999 -999 -999 -999 -999 -999 -999
-999 -999 -999 -999 -999 -999 -999 -999 -999 -999
-999 -999 -999 -999 -999 -999 -999 -999 -999 -999
-999 -999 -999 -999 -999 -999 -999 -999 -999 -999
-999 -999 -999 -999 -999 -999 -999 -999 -999 -999
-999 -999 -999 -999 -999 -999 -999 -999 -999 -999
-999 -999 -999 -999 -999 -999 -999 -999 -999 -999
-999 -999 -999 -999 -999 -999 -999 -999 -999 -999
-999 -999 -999 -999 -999 -999 -999 -999 -999 -999
-999 -999 -999 -999 -999 -999 -999 -999 -999 -999
-999 -999 -999 -999 -999 -999 -999 -999 -999 -999
-999 -999 -999 -999 -999 -999 -999 -999 -999 -999
-999 -999 -999 -999 -999 -999 -999 -999 -999 -999
-999 -999 -999 -999 -999 -999 -999 -999 -999 -999
-999 -999 -999 -999 -999 -999 -999 -999 -999 -999
-999 -999 -999 -999 -999 -999 -999 -999 -999 -999
-999 -999 -999 -999 -999 -999 -999 -999 -999 -999
-999 -999 -999 -999 -999 -999 -999 -999 -999 -999
-999 -999 -999 -999 -999 -999 -999 -999 -999 -999
-999 -999 -999 -999 -999 -999 -999 -999 -999 -999
-999 -999 -999 -999 -999 -999 -999 -999 -999 -999
-999 -999 -999 -999 -999 -999 -999 -999 -999 -999
-999 -999 -999 -999 -999 -999 -999 -999 -999 -999
-999 -999 -999 -999 -999 -999 -999 -999 -999 -999
-999 -999 -999 -999 -999 -999 -999 -999 -999 -999
-999 -999 -999 -999 -999 -999 -999 -999 -999 -999
