10
37
27
24
14
36
11
39
33
11
13
38
19
21
18
12
10
33
5
26
4
3
12
11
10
3
11
15
7
8
12
15
9
17
17
9
22
16
7
25
8
3
19
13
36
8
40
41
20
16
21
20
16
4
44
15
26
36
36
39
10
16
34
10
15
20
30
27
19
19
8
24
12
7
14
9
10
8
9
8
5
4
3
7
5
12
5
3
2
10
5
14
10
34
35
28
4
5
12
34
13
33
37
7
30
22
25
4
15
30
4
15
8
12
8
6
17
6
14
18
14
14
22
20
9
19
34
11
49
10
13
19
20
32
35
7
3
7
8
11
3
24
31
48
12
22
35
7
26
12
10
33
14
26
6
21
10
17
5
16
6
12
17
16
18
30
8
34
3
2
8
29
8
14
7
19
23
39
6
17
9
17
10
16
30
18
24
13
5
6
17
13
10
8
18
23
8
6
23
14
25
16
9
6
9
8
17
18
10
6
7
19
32
11
15
5
34
29
33
28
8
18
17
44
35
35
13
7
7
12
12
21
13
27
8
8
15
17
23
24
32
7
26
3
14
23
9
38
43
17
29
17
30
24
9
14
3
29
9
13
43
22
37
26
44
17
12
30
21
20
23
22
7
26
21
26
22
8
3
11
35
11
34
36
19
28
4
33
16
23
27
6
12
31
8
14
39
18
10
36
11
6
32
17
10
28
21
44
7
5
8
5
5
3
4
4
5
8
5
3
3
13
12
20
44
5
15
23
19
16
30
40
35
31
13
8
20
40
12
26
27
4
20
9
25
11
12
26
11
16
21
30
7
5
29
27
25
29
18
8
6
32
10
11
10
46
6
10
35
23
3
10
17
9
21
39
8
8
21
33
28
15
34
32
6
34
27
30
5
6
25
7
42
23
5
27
25
5
31
15
6
32
15
15
39
17
16
40
4
15
19
28
28
36
18
22
9
21
22
39
8
10
17
28
17
23
29
8
10
21
31
20
32
12
38
32
25
16
8
46
42
17
30
35
7
18
11
20
12
3
9
24
16
9
13
29
24
10
30
31
26
11
16
4
11
5
19
9
35
11
30
10
6
37
48
21
15
17
18
14
4
13
6
5
17
24
18
22
10
18
11
27
4
14
23
8
3
38
25
40
35
15
29
26
39
17
11
43
32
9
4
10
27
15
26
23
13
6
16
14
28
2
36
7
14
18
16
41
4
7
19
30
19
24
21
12
14
39
22
47
7
12
17
29
11
6
4
40
26
11
32
27
11
15
24
10
28
21
24
53
4
8
9
17
12
28
10
5
18
16
14
11
32
9
15
24
10
29
21
46
7
4
25
19
9
34
23
9
34
7
47
14
19
37
22
28
40
34
35
16
11
22
7
29
26
16
15
23
5
20
14
30
22
9
27
8
31
37
6
21
26
24
30
23
45
10
20
37
39
11
38
14
21
38
14
8
6
42
15
12
27
9
33
3
27
22
15
31
10
17
6
15
9
22
9
15
14
27
36
18
20
24
19
16
22
12
17
42
7
24
10
6
19
13
5
19
19
10
11
14
29
31
9
15
25
24
12
22
8
24
18
6
6
14
28
48
8
33
17
41
19
4
39
14
18
45
10
32
45
48
40
11
14
6
9
10
3
7
13
9
15
24
25
8
6
13
8
10
9
41
13
23
10
16
29
37
14
5
19
11
29
30
10
28
25
12
13
29
6
18
12
17
19
16
16
10
41
32
30
20
8
30
16
33
12
14
20
34
5
14
15
14
15
29
27
9
21
15
26
25
3
24
21
23
14
15
26
44
22
41
12
20
34
18
8
26
24
8
9
22
30
25
22
23
7
15
22
4
32
17
25
25
20
5
19
12
34
5
24
12
10
7
34
12
21
16
37
41
41
14
33
16
17
27
30
28
12
35
3
16
16
12
17
45
16
18
27
29
10
8
10
24
30
30
23
39
8
34
19
12
19
16
31
36
10
13
6
3
7
9
8
4
23
28
6
16
24
16
12
33
18
34
10
19
26
26
11
31
30
26
27
21
39
3
6
11
14
7
23
2
3
37
27
7
39
9
13
16
22
33
20
35
15
12
15
22
17
5
4
26
11
6
13
3
21
11
10
9
9
4
3
8
17
29
6
21
6
29
8
9
7
16
11
13
5
18
7
22
8
47
13
30
15
8
9
46
18
8
28
13
29
30
29
7
15
6
11
26
6
5
3
8
15
9
18
15
4
33
20
9
6
18
41
11
28
18
30
33
35
5
7
15
26
23
15
21
25
16
34
13
