-35.3667 -7.6 0.580729166666667 0.234375 0.184895833333333 0 0
-35.3667 -7.6 0.580729166666667 0.234375 0.184895833333333 0 0
-35.3667 -7.6 0.580729166666667 0.234375 0.184895833333333 0 0
-35.3667 -7.6 0.580729166666667 0.234375 0.184895833333333 0 0
-35.3667 -7.6 0.580729166666667 0.234375 0.184895833333333 0 0
-35.3667 -7.6 0.580729166666667 0.234375 0.184895833333333 0 0
-36.0167 -8.3667 0.197916666666667 0.166666666666667 0.635416666666667 0 0
-36.0167 -8.3667 0.197916666666667 0.166666666666667 0.635416666666667 0 0
-36.0167 -8.3667 0.197916666666667 0.166666666666667 0.635416666666667 0 0
-36.0167 -8.3667 0.197916666666667 0.166666666666667 0.635416666666667 0 0
-36.0167 -8.3667 0.197916666666667 0.166666666666667 0.635416666666667 0 0
-36.0167 -8.3667 0.197916666666667 0.166666666666667 0.635416666666667 0 0
-36.0167 -8.3667 0.197916666666667 0.166666666666667 0.635416666666667 0 0
-36.0167 -8.3667 0.197916666666667 0.166666666666667 0.635416666666667 0 0
-36.0167 -8.3667 0.197916666666667 0.166666666666667 0.635416666666667 0 0
-36.4 -8.2 0.192708333333333 0.166666666666667 0.640625 0 0
-36.4 -8.2 0.192708333333333 0.166666666666667 0.640625 0 0
-36.4 -8.2 0.192708333333333 0.166666666666667 0.640625 0 0
-36.4 -8.2 0.192708333333333 0.166666666666667 0.640625 0 0
-36.4 -8.2 0.192708333333333 0.166666666666667 0.640625 0 0
-35.8333 -8.7167 0.640625 0.1796875 0.1796875 0 0
-35.8333 -8.7167 0.640625 0.1796875 0.1796875 0 0
-35.8333 -8.7167 0.640625 0.1796875 0.1796875 0 0
-35.8333 -8.7167 0.640625 0.1796875 0.1796875 0 0
-35.8333 -8.7167 0.640625 0.1796875 0.1796875 0 0
-35.8333 -8.7167 0.640625 0.1796875 0.1796875 0 0
-35.8333 -8.7167 0.640625 0.1796875 0.1796875 0 0
-35.8333 -8.7167 0.640625 0.1796875 0.1796875 0 0
-38.7167 -3.8833 0.169270833333333 0.640625 0.190104166666667 0 0
-38.7167 -3.8833 0.169270833333333 0.640625 0.190104166666667 0 0
-38.7167 -3.8833 0.169270833333333 0.640625 0.190104166666667 0 0
-38.7167 -3.8833 0.169270833333333 0.640625 0.190104166666667 0 0
-38.7167 -3.8833 0.169270833333333 0.640625 0.190104166666667 0 0
-38.7167 -3.8833 0.169270833333333 0.640625 0.190104166666667 0 0
-38.7167 -3.8833 0.169270833333333 0.640625 0.190104166666667 0 0
-35.1833 -8.0167 0.643229166666667 0.174479166666667 0.182291666666667 0 0
-35.1833 -8.0167 0.643229166666667 0.174479166666667 0.182291666666667 0 0
-35.1833 -8.0167 0.643229166666667 0.174479166666667 0.182291666666667 0 0
-35.1833 -8.0167 0.643229166666667 0.174479166666667 0.182291666666667 0 0
-35.1833 -8.0167 0.643229166666667 0.174479166666667 0.182291666666667 0 0
-35.1833 -8.0167 0.643229166666667 0.174479166666667 0.182291666666667 0 0
-35.1833 -8.0167 0.643229166666667 0.174479166666667 0.182291666666667 0 0
