-35.3683006706259 -7.59631585799158
-35.3675524646936 -7.59705092904158
-35.370299178528 -7.59587270352291
-35.3690761887895 -7.59942781248828
-35.3617214221678 -7.60088856884278
-35.3684009075242 -7.60484160083113
-36.0185523864378 -8.36623454283765
-36.0129700680015 -8.36536529839346
-36.0135814031687 -8.36686532587819
-36.0135104382651 -8.3702579763446
-36.0199612997806 -8.36172093080897
-36.0144001118753 -8.36420120507088
-36.0156672111114 -8.37028645245666
-36.0161262757315 -8.37151530473102
-36.0215850866524 -8.36478514691424
-36.4046221758169 -8.20401732818224
-36.4030770345544 -8.19704453394515
-36.3992565268232 -8.20067425010726
-36.4038037461415 -8.19864254750544
-36.3958458077954 -8.1960812234506
-35.8315568878168 -8.71463391896179
-35.8306950028187 -8.71841518347692
-35.8372940710436 -8.7187769953751
-35.8365218400389 -8.71462894419981
-35.8330546329373 -8.71786467438638
-35.8366750688098 -8.71935760027105
-35.8327372171932 -8.714714660154
-35.8287915608792 -8.71733911896897
-38.7180075933768 -3.88012756495429
-38.7182931859333 -3.88152153131478
-38.7159861538171 -3.88824881896302
-38.7131711121935 -3.87908485061647
-38.7147548157147 -3.87930959567353
-38.7141616614543 -3.88129839074025
-38.7168430704119 -3.87979501537904
-35.1861822599445 -8.0145632164537
-35.1853455435757 -8.02147557586506
-35.181594672214 -8.02018743032897
-35.1874715785326 -8.01610403586952
-35.1872580581617 -8.01604391251067
-35.187170918469 -8.02153771237312
-35.1790092079218 -8.01708702468853
-999 -999
-999 -999
-999 -999
-999 -999
-999 -999
-999 -999
-999 -999
-999 -999
-999 -999
-999 -999
-999 -999
-999 -999
-999 -999
-999 -999
-999 -999
-999 -999
-999 -999
-999 -999
-999 -999
-999 -999
-999 -999
-999 -999
-999 -999
-999 -999
-999 -999
-999 -999
-999 -999
-999 -999
-999 -999
-999 -999
-999 -999
-999 -999
-999 -999
-999 -999
-999 -999
-999 -999
-999 -999
-999 -999
-999 -999
-999 -999
-999 -999
-999 -999
-999 -999
-999 -999
-999 -999
-999 -999
-999 -999
-999 -999
-999 -999
-999 -999
-999 -999
-999 -999
-999 -999
-999 -999
-999 -999
-999 -999
-999 -999
-999 -999
-999 -999
-999 -999
-999 -999
-999 -999
-999 -999
-999 -999
-999 -999
-999 -999
-999 -999
-999 -999
-999 -999
-999 -999
-999 -999
-999 -999
-999 -999
-999 -999
-999 -999
-999 -999
-999 -999
-999 -999
-999 -999
-999 -999
-999 -999
-999 -999
-999 -999
-999 -999
