0.377796678799451 0.0420940339424306 0.0605476279117503 -999 -999 -999 -999 -999 -999 -999
0.0502966979638395 0.0213076167535086 0.0318491775438369 -999 -999 -999 -999 -999 -999 -999
0.0394415962601287 0.0209620753407932 0.0240947005807097 -999 -999 -999 -999 -999 -999 -999
0.0755831058462025 0.171622991109932 0.186489025789953 -999 -999 -999 -999 -999 -999 -999
0.0384522181235845 0.0207844762041286 0.0720851920653205 -999 -999 -999 -999 -999 -999 -999
0.0250606595335605 0.124663855382012 0.0548247480346672 -999 -999 -999 -999 -999 -999 -999
0.02475473973336 0.06195623274629 0.0179514607791984 -999 -999 -999 -999 -999 -999 -999
0.0251705285058259 0.0828972629463994 0.0185490113094579 -999 -999 -999 -999 -999 -999 -999
0.0250875760472297 0.0422876774209087 0.0189150551015397 -999 -999 -999 -999 -999 -999 -999
0.0250591539851426 0.0418247574928006 0.0364217418925955 -999 -999 -999 -999 -999 -999 -999
0.0249278802236933 0.0924170376398631 0.0185201500347656 -999 -999 -999 -999 -999 -999 -999
0.0243555396589304 0.0412745523922936 0.018241093232623 -999 -999 -999 -999 -999 -999 -999
0.0243237248308718 0.0408330874969103 0.0185325670570545 -999 -999 -999 -999 -999 -999 -999
0.0250811882613266 0.0209510838366432 0.0643988423492464 -999 -999 -999 -999 -999 -999 -999
0.0256253394098717 0.0209992069262036 0.0728222564412125 -999 -999 -999 -999 -999 -999 -999
0.0252605543729195 0.0210628988302765 0.0374680084971507 -999 -999 -999 -999 -999 -999 -999
0.0246304741524201 0.0206740638849296 0.111267689170218 -999 -999 -999 -999 -999 -999 -999
0.0258838361550411 0.0205531571539429 0.0372030912596618 -999 -999 -999 -999 -999 -999 -999
0.0247681831617866 0.0208019124963416 0.0556555912185149 -999 -999 -999 -999 -999 -999 -999
0.0684403249748148 0.0700320200033912 0.0441629697305232 -999 -999 -999 -999 -999 -999 -999
-999 -999 -999 -999 -999 -999 -999 -999 -999 -999
-999 -999 -999 -999 -999 -999 -999 -999 -999 -999
-999 -999 -999 -999 -999 -999 -999 -999 -999 -999
0.0387564576779328 0.0405052728737937 0.0249280078060626 -999 -999 -999 -999 -999 -999 -999
0.0393691254078095 0.0205865907427749 0.024266285259387 -999 -999 -999 -999 -999 -999 -999
0.0384538187524824 0.020512409786741 0.0252857683144552 -999 -999 -999 -999 -999 -999 -999
0.303440968529349 0.0204512360073493 0.0431212065110037 -999 -999 -999 -999 -999 -999 -999
0.0511299721832696 0.18524804452599 0.252627020142659 -999 -999 -999 -999 -999 -999 -999
0.0363801393022613 0.0204187503549492 0.0241779294880552 -999 -999 -999 -999 -999 -999 -999
0.0237342715157355 0.0884109019181159 0.0176045077278408 -999 -999 -999 -999 -999 -999 -999
0.0239544770752603 0.0621494255338318 0.0176472302070442 -999 -999 -999 -999 -999 -999 -999
0.0242756643575479 0.0896463982993399 0.0176268815452709 -999 -999 -999 -999 -999 -999 -999
0.0241287119909816 0.040170663479215 0.0182772574012537 -999 -999 -999 -999 -999 -999 -999
0.024889246228488 0.0986743962586028 0.0180215168312659 -999 -999 -999 -999 -999 -999 -999
0.0251888103912985 0.0408305188320215 0.0180203517349373 -999 -999 -999 -999 -999 -999 -999
0.0237525615140569 0.0407317336220238 0.0188055083764811 -999 -999 -999 -999 -999 -999 -999
0.0241138290734251 0.0202903971823949 0.0370448343318625 -999 -999 -999 -999 -999 -999 -999
0.0242666561751459 0.0199560765409771 0.0380047936344831 -999 -999 -999 -999 -999 -999 -999
0.0236163958300155 0.0202828622434154 0.0546015669990696 -999 -999 -999 -999 -999 -999 -999
0.0241273291557278 0.0202095058540726 0.0395613361495977 -999 -999 -999 -999 -999 -999 -999
0.0246571406131567 0.020104966730278 0.038472899398746 -999 -999 -999 -999 -999 -999 -999
0.0236733905747964 0.0200597525523631 0.0956439218183103 -999 -999 -999 -999 -999 -999 -999
0.0239772864759934 0.0204664746575172 0.0367141983643064 -999 -999 -999 -999 -999 -999 -999
0.154113747175265 0.0902936220042334 0.139546977957907 -999 -999 -999 -999 -999 -999 -999
-999 -999 -999 -999 -999 -999 -999 -999 -999 -999
-999 -999 -999 -999 -999 -999 -999 -999 -999 -999
0.0667339661932715 0.482332934246881 0.355916800723565 -999 -999 -999 -999 -999 -999 -999
0.0519632534932604 0.0774314226924919 0.0292437398599696 -999 -999 -999 -999 -999 -999 -999
0.170798163443391 0.0257450645657123 0.156043741465208 -999 -999 -999 -999 -999 -999 -999
0.0523073555432715 0.0256808611769414 0.0552853370097984 -999 -999 -999 -999 -999 -999 -999
0.0318724241916387 0.0861652753568065 0.022893046409172 -999 -999 -999 -999 -999 -999 -999
0.0324914336478248 0.0509791471557882 0.0212861478401692 -999 -999 -999 -999 -999 -999 -999
0.0315215093763505 0.0779350165978954 0.0222727894079077 -999 -999 -999 -999 -999 -999 -999
0.0314591904057735 0.0262915891036252 0.0437372559010762 -999 -999 -999 -999 -999 -999 -999
0.253291959056822 0.0249919926491852 0.022497116174983 -999 -999 -999 -999 -999 -999 -999
0.0321616830710077 0.0258021611873959 0.0920005999816488 -999 -999 -999 -999 -999 -999 -999
0.245399061577389 0.096644535267277 0.178823425226501 -999 -999 -999 -999 -999 -999 -999
-999 -999 -999 -999 -999 -999 -999 -999 -999 -999
-999 -999 -999 -999 -999 -999 -999 -999 -999 -999
-999 -999 -999 -999 -999 -999 -999 -999 -999 -999
-999 -999 -999 -999 -999 -999 -999 -999 -999 -999
-999 -999 -999 -999 -999 -999 -999 -999 -999 -999
-999 -999 -999 -999 -999 -999 -999 -999 -999 -999
-999 -999 -999 -999 -999 -999 -999 -999 -999 -999
-999 -999 -999 -999 -999 -999 -999 -999 -999 -999
-999 -999 -999 -999 -999 -999 -999 -999 -999 -999
-999 -999 -999 -999 -999 -999 -999 -999 -999 -999
-999 -999 -999 -999 -999 -999 -999 -999 -999 -999
-999 -999 -999 -999 -999 -999 -999 -999 -999 -999
0.0304383296985806 0.162169338505541 0.0242078436742054 -999 -999 -999 -999 -999 -999 -999
0.0292027278835944 0.16310251682945 0.0245669509853496 -999 -999 -999 -999 -999 -999 -999
0.0291893126514598 0.0813927130187607 0.0248434628803964 -999 -999 -999 -999 -999 -999 -999
0.0583002657575062 0.0265254657888208 0.0248567308480018 -999 -999 -999 -999 -999 -999 -999
0.030605213323131 0.0264048877004059 0.0501489513260625 -999 -999 -999 -999 -999 -999 -999
0.0301490588446599 0.0269275603469908 0.100336287609392 -999 -999 -999 -999 -999 -999 -999
0.0302361317438003 0.0548361814295954 0.024691043686551 -999 -999 -999 -999 -999 -999 -999
0.179828889158218 0.02696933712173 0.0249075638841958 -999 -999 -999 -999 -999 -999 -999
0.0305952949793088 0.0268974536993968 0.0497864206132209 -999 -999 -999 -999 -999 -999 -999
0.0306494451332856 0.0267425431227833 0.0755810868179453 -999 -999 -999 -999 -999 -999 -999
0.0653824505217417 0.0270187564188577 0.0423947536298205 -999 -999 -999 -999 -999 -999 -999
0.0302285879948501 0.0269380374177922 0.0507353513188173 -999 -999 -999 -999 -999 -999 -999
0.0302840350746629 0.0268254243573691 0.0498914271275607 -999 -999 -999 -999 -999 -999 -999
0.047020867608439 0.0265958223166583 0.0337748615818493 -999 -999 -999 -999 -999 -999 -999
0.0292281832199873 0.0539861176378419 0.0249205379172058 -999 -999 -999 -999 -999 -999 -999
0.0306038843231533 0.0272127264803413 0.0498824670204422 -999 -999 -999 -999 -999 -999 -999
0.029844728990276 0.0258300113260023 0.0497962349431313 -999 -999 -999 -999 -999 -999 -999
0.0623288261007016 0.0267128065809385 0.0432676423078811 -999 -999 -999 -999 -999 -999 -999
0.028924502123745 0.027405343894951 0.0749377975503538 -999 -999 -999 -999 -999 -999 -999
0.029666791288345 0.0274476935575558 0.0494990632259898 -999 -999 -999 -999 -999 -999 -999
0.0303808371480269 0.0277485161697976 0.0489347381672074 -999 -999 -999 -999 -999 -999 -999
0.0473581282706459 0.0276307284722432 0.0331787582779762 -999 -999 -999 -999 -999 -999 -999
0.0595535081618809 0.026680017806176 0.0248600246064439 -999 -999 -999 -999 -999 -999 -999
0.0308798535817096 0.112155183160966 0.0256332057107211 -999 -999 -999 -999 -999 -999 -999
0.0309571700964781 0.0273544489705959 0.0513774449331901 -999 -999 -999 -999 -999 -999 -999
0.0914028328651843 0.0288958568612547 0.0262380623164127 -999 -999 -999 -999 -999 -999 -999
0.0313197147561362 0.194002197316696 0.0261564933775289 -999 -999 -999 -999 -999 -999 -999
0.030678551206742 0.0275608825768074 0.127667118357389 -999 -999 -999 -999 -999 -999 -999
0.185429777267812 0.028500949366125 0.024873317553667 -999 -999 -999 -999 -999 -999 -999
0.0303049397484523 0.0554081096013625 0.026960994383274 -999 -999 -999 -999 -999 -999 -999
0.0311086224028306 0.0271782137195134 0.0517428280544872 -999 -999 -999 -999 -999 -999 -999
0.0315352848926797 0.0277795963579612 0.126547034103973 -999 -999 -999 -999 -999 -999 -999
0.0306413549724978 0.0274977396847968 0.0756760484750795 -999 -999 -999 -999 -999 -999 -999
0.031149812578164 0.0829330461019393 0.025823187822986 -999 -999 -999 -999 -999 -999 -999
0.0301829055802009 0.0276461158222413 0.0508409958777318 -999 -999 -999 -999 -999 -999 -999
0.048931149901238 0.0289549189997995 0.0347210406717288 -999 -999 -999 -999 -999 -999 -999
0.0309101897924112 0.0548724611145769 0.0252013720846695 -999 -999 -999 -999 -999 -999 -999
0.0475361872499204 0.0273693947288493 0.0352344838382483 -999 -999 -999 -999 -999 -999 -999
0.0493135938734693 0.0279272238250846 0.0339903745450583 -999 -999 -999 -999 -999 -999 -999
0.0495265536091485 0.0280025887495188 0.0351761429635909 -999 -999 -999 -999 -999 -999 -999
0.0308105451143815 0.0274742557157949 0.0514099603617505 -999 -999 -999 -999 -999 -999 -999
0.0302381879911347 0.0275782432483158 0.0506074122083962 -999 -999 -999 -999 -999 -999 -999
0.0483900865086642 0.0282024729070495 0.0338139300993249 -999 -999 -999 -999 -999 -999 -999
0.0481920283096731 0.0273236916074718 0.0349582127910174 -999 -999 -999 -999 -999 -999 -999
0.0305606577010721 0.0553824095632802 0.0253503394697749 -999 -999 -999 -999 -999 -999 -999
-999 -999 -999 -999 -999 -999 -999 -999 -999 -999
-999 -999 -999 -999 -999 -999 -999 -999 -999 -999
-999 -999 -999 -999 -999 -999 -999 -999 -999 -999
-999 -999 -999 -999 -999 -999 -999 -999 -999 -999
-999 -999 -999 -999 -999 -999 -999 -999 -999 -999
-999 -999 -999 -999 -999 -999 -999 -999 -999 -999
-999 -999 -999 -999 -999 -999 -999 -999 -999 -999
-999 -999 -999 -999 -999 -999 -999 -999 -999 -999
-999 -999 -999 -999 -999 -999 -999 -999 -999 -999
-999 -999 -999 -999 -999 -999 -999 -999 -999 -999
-999 -999 -999 -999 -999 -999 -999 -999 -999 -999
-999 -999 -999 -999 -999 -999 -999 -999 -999 -999
-999 -999 -999 -999 -999 -999 -999 -999 -999 -999
-999 -999 -999 -999 -999 -999 -999 -999 -999 -999
-999 -999 -999 -999 -999 -999 -999 -999 -999 -999
-999 -999 -999 -999 -999 -999 -999 -999 -999 -999
-999 -999 -999 -999 -999 -999 -999 -999 -999 -999
-999 -999 -999 -999 -999 -999 -999 -999 -999 -999
-999 -999 -999 -999 -999 -999 -999 -999 -999 -999
-999 -999 -999 -999 -999 -999 -999 -999 -999 -999
-999 -999 -999 -999 -999 -999 -999 -999 -999 -999
-999 -999 -999 -999 -999 -999 -999 -999 -999 -999
-999 -999 -999 -999 -999 -999 -999 -999 -999 -999
-999 -999 -999 -999 -999 -999 -999 -999 -999 -999
