-35.3667 -7.6 0.473893129770992 0.163664122137405 0.362442748091603 0 0 0 0 0 0 0
-35.3667 -7.6 0.473893129770992 0.163664122137405 0.362442748091603 0 0 0 0 0 0 0
-35.3667 -7.6 0.473893129770992 0.163664122137405 0.362442748091603 0 0 0 0 0 0 0
-35.3667 -7.6 0.473893129770992 0.163664122137405 0.362442748091603 0 0 0 0 0 0 0
-35.3667 -7.6 0.473893129770992 0.163664122137405 0.362442748091603 0 0 0 0 0 0 0
-35.3667 -7.6 0.473893129770992 0.163664122137405 0.362442748091603 0 0 0 0 0 0 0
-36.0167 -8.3667 0.163969465648855 0.676946564885496 0.159083969465649 0 0 0 0 0 0 0
-36.0167 -8.3667 0.163969465648855 0.676946564885496 0.159083969465649 0 0 0 0 0 0 0
-36.0167 -8.3667 0.163969465648855 0.676946564885496 0.159083969465649 0 0 0 0 0 0 0
-36.0167 -8.3667 0.163969465648855 0.676946564885496 0.159083969465649 0 0 0 0 0 0 0
-36.0167 -8.3667 0.163969465648855 0.676946564885496 0.159083969465649 0 0 0 0 0 0 0
-36.0167 -8.3667 0.163969465648855 0.676946564885496 0.159083969465649 0 0 0 0 0 0 0
-36.0167 -8.3667 0.163969465648855 0.676946564885496 0.159083969465649 0 0 0 0 0 0 0
-36.0167 -8.3667 0.163969465648855 0.676946564885496 0.159083969465649 0 0 0 0 0 0 0
-36.0167 -8.3667 0.163969465648855 0.676946564885496 0.159083969465649 0 0 0 0 0 0 0
-36.4 -8.2 0.163664122137405 0.676946564885496 0.159389312977099 0 0 0 0 0 0 0
-36.4 -8.2 0.163664122137405 0.676946564885496 0.159389312977099 0 0 0 0 0 0 0
-36.4 -8.2 0.163664122137405 0.676946564885496 0.159389312977099 0 0 0 0 0 0 0
-36.4 -8.2 0.163664122137405 0.676946564885496 0.159389312977099 0 0 0 0 0 0 0
-36.4 -8.2 0.163664122137405 0.676946564885496 0.159389312977099 0 0 0 0 0 0 0
-35.8333 -8.7167 0.159389312977099 0.163664122137405 0.676946564885496 0 0 0 0 0 0 0
-35.8333 -8.7167 0.159389312977099 0.163664122137405 0.676946564885496 0 0 0 0 0 0 0
-35.8333 -8.7167 0.159389312977099 0.163664122137405 0.676946564885496 0 0 0 0 0 0 0
-35.8333 -8.7167 0.159389312977099 0.163664122137405 0.676946564885496 0 0 0 0 0 0 0
-35.8333 -8.7167 0.159389312977099 0.163664122137405 0.676946564885496 0 0 0 0 0 0 0
-35.8333 -8.7167 0.159389312977099 0.163664122137405 0.676946564885496 0 0 0 0 0 0 0
-35.8333 -8.7167 0.159389312977099 0.163664122137405 0.676946564885496 0 0 0 0 0 0 0
-35.8333 -8.7167 0.159389312977099 0.163664122137405 0.676946564885496 0 0 0 0 0 0 0
-38.7167 -3.8833 0.676946564885496 0.159389312977099 0.163664122137405 0 0 0 0 0 0 0
-38.7167 -3.8833 0.676946564885496 0.159389312977099 0.163664122137405 0 0 0 0 0 0 0
-38.7167 -3.8833 0.676946564885496 0.159389312977099 0.163664122137405 0 0 0 0 0 0 0
-38.7167 -3.8833 0.676946564885496 0.159389312977099 0.163664122137405 0 0 0 0 0 0 0
-38.7167 -3.8833 0.676946564885496 0.159389312977099 0.163664122137405 0 0 0 0 0 0 0
-38.7167 -3.8833 0.676946564885496 0.159389312977099 0.163664122137405 0 0 0 0 0 0 0
-38.7167 -3.8833 0.676946564885496 0.159389312977099 0.163664122137405 0 0 0 0 0 0 0
-35.1833 -8.0167 0.15969465648855 0.163664122137405 0.676641221374046 0 0 0 0 0 0 0
-35.1833 -8.0167 0.15969465648855 0.163664122137405 0.676641221374046 0 0 0 0 0 0 0
-35.1833 -8.0167 0.15969465648855 0.163664122137405 0.676641221374046 0 0 0 0 0 0 0
-35.1833 -8.0167 0.15969465648855 0.163664122137405 0.676641221374046 0 0 0 0 0 0 0
-35.1833 -8.0167 0.15969465648855 0.163664122137405 0.676641221374046 0 0 0 0 0 0 0
-35.1833 -8.0167 0.15969465648855 0.163664122137405 0.676641221374046 0 0 0 0 0 0 0
-35.1833 -8.0167 0.15969465648855 0.163664122137405 0.676641221374046 0 0 0 0 0 0 0
