0.385162153301867 0.0432801227501556 0.0904627301169583 -999 -999
0.0310266166367518 0.0211903235394243 0.0463137446202732 -999 -999
0.0321293899203237 0.0228557234368174 0.028268358439016 -999 -999
0.036750080075771 0.16476352494218 0.200689380463665 -999 -999
0.0327098597031841 0.0217136600357561 0.0746966915346248 -999 -999
0.0306717231898101 0.120130804303613 0.049727964924585 -999 -999
0.0282175975553597 0.0634896880993545 0.0169188906706976 -999 -999
0.0271933889151215 0.0807461544767933 0.0176333186355391 -999 -999
0.0279173384063692 0.0425937387085651 0.0181279789993865 -999 -999
0.0275780784348228 0.0411601718028679 0.0329296161520787 -999 -999
0.0276893217068795 0.0933233537094136 0.0171614369415139 -999 -999
0.0309691449199102 0.0428984662568102 0.0154350480168834 -999 -999
0.0286201060066667 0.0411553679755291 0.0164994107617867 -999 -999
0.0255010467225488 0.0211714888949921 0.0559215524933558 -999 -999
0.0292396310177694 0.0228784155400619 0.0677272813612971 -999 -999
0.0290914720698934 0.0206065051583729 0.0319676335590412 -999 -999
0.026388634590076 0.0208431043906299 0.097567635542349 -999 -999
0.0283107311392365 0.0231873946220646 0.0334538234554245 -999 -999
0.0289154920145852 0.023675384472196 0.0505846450606392 -999 -999
0.085918193673053 0.0683366068844028 0.0379128582508852 -999 -999
-999 -999 -999 -999 -999
0.0308296598621325 0.0388961565863241 0.0301898836332987 -999 -999
0.0324129260483312 0.0200562222892443 0.0329628817238895 -999 -999
0.0290100312310325 0.0211244814962067 0.0314097656914351 -999 -999
0.356031274036304 0.0229747373367585 0.048318061113687 -999 -999
0.0320465545197161 0.178704261064915 0.237658939465886 -999 -999
0.0323342752043773 0.0219226761223154 0.0309697966158974 -999 -999
0.0276597248359697 0.0856620496004314 0.0182196859692481 -999 -999
0.0285673294762982 0.0583812440202272 0.0168200163776132 -999 -999
0.028443431150859 0.090105212423546 0.0181154821128775 -999 -999
0.0261898949104717 0.0434470620566472 0.0164419679140051 -999 -999
0.0290496817503664 0.0946111344201007 0.0178544114441339 -999 -999
0.0273000355022969 0.0417061079825965 0.0165750970252904 -999 -999
0.0275805381315993 0.0414911276376377 0.0162015104773249 -999 -999
0.0276996487094486 0.0225029312200544 0.0322935023816496 -999 -999
0.0263890496239494 0.0216301238479039 0.0343032543399947 -999 -999
0.0275448055141855 0.0218148066719337 0.0500690055358206 -999 -999
0.028209450030181 0.019955595654336 0.0342604636413004 -999 -999
0.0264515006436803 0.0210795987314922 0.0321673448918251 -999 -999
0.0251894845583255 0.0218051789452325 0.0818279092538295 -999 -999
0.0243851143339307 0.0209434121478428 0.0341088854575333 -999 -999
0.106675589926544 0.0911858797442542 0.16923213493346 -999 -999
0.0470352388709706 0.47017331902543 0.324102252284404 -999 -999
0.0401487953996318 0.0801699124088911 0.0415164534753494 -999 -999
0.150330146739231 0.0273200937691776 0.16825354930332 -999 -999
0.0391997924542382 0.028080560044811 0.0603482924412027 -999 -999
0.0378524556170839 0.0864116580838443 0.0210409484931034 -999 -999
0.0411703631896149 0.0531177423113929 0.0203267727937557 -999 -999
0.0376374669346081 0.0765099347908764 0.0236650336382476 -999 -999
0.0395714825866087 0.028124255624163 0.0388964625397812 -999 -999
0.316980866001055 0.0256331149976356 0.0209677471580767 -999 -999
0.0381135510166921 0.0293491780062256 0.0776532303559866 -999 -999
0.211959841190267 0.0951102309375525 0.203229257516772 -999 -999
-999 -999 -999 -999 -999
-999 -999 -999 -999 -999
-999 -999 -999 -999 -999
-999 -999 -999 -999 -999
-999 -999 -999 -999 -999
-999 -999 -999 -999 -999
-999 -999 -999 -999 -999
-999 -999 -999 -999 -999
-999 -999 -999 -999 -999
-999 -999 -999 -999 -999
-999 -999 -999 -999 -999
-999 -999 -999 -999 -999
-999 -999 -999 -999 -999
-999 -999 -999 -999 -999
-999 -999 -999 -999 -999
-999 -999 -999 -999 -999
-999 -999 -999 -999 -999
-999 -999 -999 -999 -999
-999 -999 -999 -999 -999
-999 -999 -999 -999 -999
-999 -999 -999 -999 -999
-999 -999 -999 -999 -999
-999 -999 -999 -999 -999
-999 -999 -999 -999 -999
-999 -999 -999 -999 -999
-999 -999 -999 -999 -999
-999 -999 -999 -999 -999
-999 -999 -999 -999 -999
-999 -999 -999 -999 -999
-999 -999 -999 -999 -999
-999 -999 -999 -999 -999
-999 -999 -999 -999 -999
-999 -999 -999 -999 -999
-999 -999 -999 -999 -999
-999 -999 -999 -999 -999
-999 -999 -999 -999 -999
-999 -999 -999 -999 -999
-999 -999 -999 -999 -999
-999 -999 -999 -999 -999
-999 -999 -999 -999 -999
-999 -999 -999 -999 -999
-999 -999 -999 -999 -999
-999 -999 -999 -999 -999
-999 -999 -999 -999 -999
-999 -999 -999 -999 -999
-999 -999 -999 -999 -999
-999 -999 -999 -999 -999
-999 -999 -999 -999 -999
-999 -999 -999 -999 -999
-999 -999 -999 -999 -999
-999 -999 -999 -999 -999
-999 -999 -999 -999 -999
