19
31
15
9
12
18
35
26
23
26
20
17
30
31
21
34
9
23
19
9
27
18
3
14
21
4
7
4
4
8
13
29
13
27
19
5
29
36
8
19
16
22
4
11
11
12
23
9
10
17
13
24
10
10
3
7
11
28
29
29
16
30
21
31
7
15
25
36
28
8
6
25
6
12
4
45
41
4
11
44
11
35
29
16
19
15
12
15
16
37
20
15
13
3
28
4
37
26
4
10
6
20
20
15
26
10
6
18
6
14
16
12
9
30
18
8
11
17
9
31
25
23
23
10
9
25
11
4
8
35
10
12
8
26
10
7
8
10
11
11
23
27
21
22
8
33
29
7
10
27
12
15
12
18
31
32
37
36
13
5
23
22
29
7
8
6
8
7
9
3
27
15
37
26
7
19
11
26
12
38
7
11
48
25
4
42
20
21
4
4
5
5
6
8
7
4
3
3
24
17
19
23
17
7
14
22
10
24
29
35
18
26
26
21
21
17
29
13
14
31
15
48
20
10
16
13
41
21
13
16
4
6
7
4
6
27
4
22
10
35
29
35
22
32
40
17
26
13
8
8
11
32
26
19
25
30
20
15
18
4
23
16
17
12
8
21
10
21
34
13
9
8
16
5
28
45
9
33
10
4
37
24
31
10
52
10
17
19
22
26
29
16
7
9
28
21
30
10
6
7
8
28
24
45
35
7
18
17
34
3
2
25
9
32
14
23
13
27
42
14
4
46
11
4
11
27
11
23
13
13
18
31
27
28
6
25
12
16
31
25
24
18
34
11
17
23
14
24
15
4
14
8
14
17
12
5
6
4
7
16
40
7
17
12
8
28
18
15
7
13
24
35
9
9
8
13
5
6
4
6
9
33
9
18
42
35
9
15
18
16
25
13
26
27
3
5
4
11
4
29
48
35
21
26
22
12
41
28
17
32
13
43
5
27
25
14
22
18
12
46
4
39
13
39
6
11
33
4
41
9
13
49
20
13
17
23
27
36
27
27
37
6
50
31
11
27
32
15
7
11
5
26
7
10
35
29
9
24
23
35
35
18
14
7
9
8
14
45
16
23
32
9
35
26
35
9
10
14
40
36
16
53
16
9
10
35
5
20
33
11
36
39
14
25
4
12
23
9
36
31
10
7
42
28
32
27
39
25
25
20
25
16
8
13
6
24
23
14
6
20
8
10
7
7
5
7
6
20
14
27
30
26
48
20
15
16
21
6
36
19
29
14
18
10
19
5
30
17
17
14
30
24
17
21
25
17
4
7
21
17
13
7
12
10
6
5
5
5
5
7
12
33
6
14
34
30
25
5
16
12
20
27
37
20
28
25
27
10
12
37
13
46
17
10
6
22
4
41
4
9
37
26
9
34
7
45
24
10
13
35
19
37
9
35
8
32
45
5
12
11
15
3
6
26
26
24
5
6
6
10
10
32
28
16
13
7
17
6
22
28
17
44
23
12
20
14
5
39
24
33
13
11
4
36
21
15
18
40
30
16
20
45
3
14
9
8
48
5
2
21
31
33
20
37
5
11
14
27
10
27
39
9
3
7
19
12
6
10
13
20
27
20
9
29
50
3
16
19
25
24
14
30
42
4
5
27
6
28
49
20
5
15
12
36
25
26
7
37
29
18
18
15
14
26
20
16
8
5
28
8
12
12
36
33
7
53
19
39
3
13
19
16
19
10
6
26
10
8
3
13
21
14
11
6
3
17
17
31
7
5
23
10
27
30
19
12
14
7
24
17
20
15
9
8
41
7
37
44
21
6
16
21
11
39
13
23
20
28
17
12
43
30
12
11
5
22
9
23
33
32
13
35
15
3
4
9
15
4
18
16
37
21
5
5
34
23
14
11
18
20
17
15
38
7
10
10
32
27
32
35
13
26
31
22
34
20
17
21
19
27
23
5
21
28
14
19
6
11
30
38
41
23
25
25
6
29
23
13
15
26
40
19
22
45
11
33
14
9
33
18
20
14
12
13
11
19
33
24
28
15
27
12
20
13
31
11
4
13
6
3
11
5
15
10
17
12
12
33
17
31
9
18
39
30
25
24
5
4
17
16
27
48
35
29
37
29
4
34
17
13
7
6
9
20
10
35
9
3
29
13
16
33
17
4
35
10
31
6
8
7
17
22
38
18
21
31
7
20
22
25
35
10
42
17
16
23
7
6
13
16
12
21
12
31
35
30
8
3
30
45
23
8
26
29
25
24
16
22
24
19
31
4
8
10
29
18
26
6
26
14
40
29
13
19
16
19
26
31
19
35
