-35.3667 -7.6 0.230547550432277 0.15850144092219 0.610951008645533 0 0 0 0 0 0 0
-35.3667 -7.6 0.230547550432277 0.15850144092219 0.610951008645533 0 0 0 0 0 0 0
-35.3667 -7.6 0.230547550432277 0.15850144092219 0.610951008645533 0 0 0 0 0 0 0
-35.3667 -7.6 0.230547550432277 0.15850144092219 0.610951008645533 0 0 0 0 0 0 0
-35.3667 -7.6 0.230547550432277 0.15850144092219 0.610951008645533 0 0 0 0 0 0 0
-35.3667 -7.6 0.230547550432277 0.15850144092219 0.610951008645533 0 0 0 0 0 0 0
-36.0167 -8.3667 0.141210374639769 0.642651296829971 0.216138328530259 0 0 0 0 0 0 0
-36.0167 -8.3667 0.141210374639769 0.642651296829971 0.216138328530259 0 0 0 0 0 0 0
-36.0167 -8.3667 0.141210374639769 0.642651296829971 0.216138328530259 0 0 0 0 0 0 0
-36.0167 -8.3667 0.141210374639769 0.642651296829971 0.216138328530259 0 0 0 0 0 0 0
-36.0167 -8.3667 0.141210374639769 0.642651296829971 0.216138328530259 0 0 0 0 0 0 0
-36.0167 -8.3667 0.141210374639769 0.642651296829971 0.216138328530259 0 0 0 0 0 0 0
-36.0167 -8.3667 0.141210374639769 0.642651296829971 0.216138328530259 0 0 0 0 0 0 0
-36.0167 -8.3667 0.141210374639769 0.642651296829971 0.216138328530259 0 0 0 0 0 0 0
-36.0167 -8.3667 0.141210374639769 0.642651296829971 0.216138328530259 0 0 0 0 0 0 0
-36.4 -8.2 0.138328530259366 0.645533141210375 0.216138328530259 0 0 0 0 0 0 0
-36.4 -8.2 0.138328530259366 0.645533141210375 0.216138328530259 0 0 0 0 0 0 0
-36.4 -8.2 0.138328530259366 0.645533141210375 0.216138328530259 0 0 0 0 0 0 0
-36.4 -8.2 0.138328530259366 0.645533141210375 0.216138328530259 0 0 0 0 0 0 0
-36.4 -8.2 0.138328530259366 0.645533141210375 0.216138328530259 0 0 0 0 0 0 0
-35.8333 -8.7167 0.190201729106628 0.167146974063401 0.642651296829971 0 0 0 0 0 0 0
-35.8333 -8.7167 0.190201729106628 0.167146974063401 0.642651296829971 0 0 0 0 0 0 0
-35.8333 -8.7167 0.190201729106628 0.167146974063401 0.642651296829971 0 0 0 0 0 0 0
-35.8333 -8.7167 0.190201729106628 0.167146974063401 0.642651296829971 0 0 0 0 0 0 0
-35.8333 -8.7167 0.190201729106628 0.167146974063401 0.642651296829971 0 0 0 0 0 0 0
-35.8333 -8.7167 0.190201729106628 0.167146974063401 0.642651296829971 0 0 0 0 0 0 0
-35.8333 -8.7167 0.190201729106628 0.167146974063401 0.642651296829971 0 0 0 0 0 0 0
-35.8333 -8.7167 0.190201729106628 0.167146974063401 0.642651296829971 0 0 0 0 0 0 0
-38.7167 -3.8833 0.659942363112392 0.193083573487032 0.146974063400576 0 0 0 0 0 0 0
-38.7167 -3.8833 0.659942363112392 0.193083573487032 0.146974063400576 0 0 0 0 0 0 0
-38.7167 -3.8833 0.659942363112392 0.193083573487032 0.146974063400576 0 0 0 0 0 0 0
-38.7167 -3.8833 0.659942363112392 0.193083573487032 0.146974063400576 0 0 0 0 0 0 0
-38.7167 -3.8833 0.659942363112392 0.193083573487032 0.146974063400576 0 0 0 0 0 0 0
-38.7167 -3.8833 0.659942363112392 0.193083573487032 0.146974063400576 0 0 0 0 0 0 0
-38.7167 -3.8833 0.659942363112392 0.193083573487032 0.146974063400576 0 0 0 0 0 0 0
-35.1833 -8.0167 0.193083573487032 0.161383285302594 0.645533141210375 0 0 0 0 0 0 0
-35.1833 -8.0167 0.193083573487032 0.161383285302594 0.645533141210375 0 0 0 0 0 0 0
-35.1833 -8.0167 0.193083573487032 0.161383285302594 0.645533141210375 0 0 0 0 0 0 0
-35.1833 -8.0167 0.193083573487032 0.161383285302594 0.645533141210375 0 0 0 0 0 0 0
-35.1833 -8.0167 0.193083573487032 0.161383285302594 0.645533141210375 0 0 0 0 0 0 0
-35.1833 -8.0167 0.193083573487032 0.161383285302594 0.645533141210375 0 0 0 0 0 0 0
-35.1833 -8.0167 0.193083573487032 0.161383285302594 0.645533141210375 0 0 0 0 0 0 0
