0.0921639246190987 0.0429767601176231 0.373927283164065 -999 -999
0.045667452172015 0.0209528050057123 0.0331643975894397 -999 -999
0.0317162887607557 0.0204033119917934 0.030169029042679 -999 -999
0.202030697173363 0.175476353596923 0.0384391514583241 -999 -999
0.0715246436757266 0.0209000093059553 0.0312765010341399 -999 -999
0.0506807362037828 0.122751373356782 0.0285298509371121 -999 -999
0.0175573483250269 0.0632462991498104 0.0295287896864593 -999 -999
0.0159298535146466 0.0816753088886968 0.0274274729180729 -999 -999
0.0165330134800021 0.0402622596782882 0.030151444293816 -999 -999
0.0313894099014758 0.0417105146111748 0.0275974769991392 -999 -999
0.0170029640272195 0.091425886850805 0.0278496945109861 -999 -999
0.0174464492481785 0.0404500277854602 0.0277270023301731 -999 -999
0.015494285829078 0.0418031794992001 0.0277516098765602 -999 -999
0.0558172126286505 0.0222289965123504 0.0301398785058322 -999 -999
0.0673195012767292 0.0192993639258427 0.0281446084510051 -999 -999
0.0327570903994029 0.0207949748409821 0.0300216933596432 -999 -999
0.100952686181887 0.0219037101043073 0.0291766791116778 -999 -999
0.0325686351754004 0.0199594716136581 0.0299386726621291 -999 -999
0.0483300910186374 0.0201310778863226 0.0275864385295891 -999 -999
0.0371177163889237 0.0716483152783114 0.0914523255391569 -999 -999
-999 -999 -999 -999 -999
0.0304139531926666 0.0412170202966242 0.0296575525638188 -999 -999
0.0330912244379697 0.019279580772186 0.0291370427756115 -999 -999
0.0333278610526299 0.019500364256368 0.0308143114355641 -999 -999
0.0507121564202814 0.0177188966285779 0.35165889812266 -999 -999
0.236430683471111 0.185854425700616 0.0328486082015994 -999 -999
0.0320200605071799 0.0189270429507025 0.0299085042498871 -999 -999
0.0167132283659628 0.0887675779936228 0.0283207473150706 -999 -999
0.0163714757377112 0.0644567861509615 0.0264591004326903 -999 -999
0.017446594919341 0.0893927505344844 0.0278361838965896 -999 -999
0.0173456356806673 0.0418232999838702 0.0262488896398798 -999 -999
0.0158336771725913 0.0978993101262465 0.0272721176259173 -999 -999
0.0168968708785513 0.0439845629525548 0.0283021965029739 -999 -999
0.0159288174765772 0.0391869557050627 0.0291213397053611 -999 -999
0.0331279710392819 0.01947117390535 0.0297417183196016 -999 -999
0.0344826496806123 0.0201097254776645 0.0294394988095504 -999 -999
0.0493904007641157 0.019799557549868 0.0273105269173879 -999 -999
0.0353212912470677 0.021079807354499 0.0246196394780485 -999 -999
0.0339860186238189 0.0222922207814704 0.0278840735348749 -999 -999
0.0801415881234591 0.0208157199255171 0.0289829093466347 -999 -999
0.0346433173470986 0.0214194002822297 0.0294893229901072 -999 -999
0.166374523861306 0.0870038206715231 0.104946818136171 -999 -999
0.33341621241596 0.48214551901792 0.0446335223111079 -999 -999
0.0367228028245665 0.0754748843765591 0.043573423148679 -999 -999
0.168627449828929 0.026071670917159 0.144684198780467 -999 -999
0.0608790842396111 0.0264731111306237 0.0441698839069563 -999 -999
0.0201859037409338 0.0852690023818332 0.0418026866613448 -999 -999
0.0198799345421626 0.0516351094222584 0.0355191298253584 -999 -999
0.0199809324262339 0.0759494384114659 0.0420279605542124 -999 -999
0.0376325109230998 0.0222053983043099 0.0345463219113139 -999 -999
0.0183323415367686 0.0248969912775534 0.319287108350942 -999 -999
0.0826995376753451 0.0275439064979825 0.0406688869661844 -999 -999
0.201643289846389 0.102334968262335 0.209086877583434 -999 -999
-999 -999 -999 -999 -999
-999 -999 -999 -999 -999
-999 -999 -999 -999 -999
-999 -999 -999 -999 -999
-999 -999 -999 -999 -999
-999 -999 -999 -999 -999
-999 -999 -999 -999 -999
-999 -999 -999 -999 -999
-999 -999 -999 -999 -999
-999 -999 -999 -999 -999
-999 -999 -999 -999 -999
-999 -999 -999 -999 -999
-999 -999 -999 -999 -999
-999 -999 -999 -999 -999
-999 -999 -999 -999 -999
-999 -999 -999 -999 -999
-999 -999 -999 -999 -999
-999 -999 -999 -999 -999
-999 -999 -999 -999 -999
-999 -999 -999 -999 -999
-999 -999 -999 -999 -999
-999 -999 -999 -999 -999
-999 -999 -999 -999 -999
-999 -999 -999 -999 -999
-999 -999 -999 -999 -999
-999 -999 -999 -999 -999
-999 -999 -999 -999 -999
-999 -999 -999 -999 -999
-999 -999 -999 -999 -999
-999 -999 -999 -999 -999
-999 -999 -999 -999 -999
-999 -999 -999 -999 -999
-999 -999 -999 -999 -999
-999 -999 -999 -999 -999
-999 -999 -999 -999 -999
-999 -999 -999 -999 -999
-999 -999 -999 -999 -999
-999 -999 -999 -999 -999
-999 -999 -999 -999 -999
-999 -999 -999 -999 -999
-999 -999 -999 -999 -999
-999 -999 -999 -999 -999
-999 -999 -999 -999 -999
-999 -999 -999 -999 -999
-999 -999 -999 -999 -999
-999 -999 -999 -999 -999
-999 -999 -999 -999 -999
-999 -999 -999 -999 -999
-999 -999 -999 -999 -999
-999 -999 -999 -999 -999
-999 -999 -999 -999 -999
-999 -999 -999 -999 -999
