21
13
28
7
17
27
5
15
35
25
7
6
8
9
13
3
16
34
7
12
10
10
13
5
8
7
6
12
30
18
9
4
31
19
16
6
8
11
18
20
15
28
36
21
11
15
9
29
13
8
8
7
18
26
23
16
29
31
47
41
36
5
11
33
7
10
18
19
30
14
17
27
27
24
24
10
27
24
25
27
39
22
17
23
3
30
6
32
41
9
33
21
29
24
36
22
31
38
27
14
20
11
11
4
3
11
21
21
46
45
5
11
8
23
11
22
23
31
20
22
15
19
14
23
10
13
8
12
28
14
6
14
7
18
6
16
22
10
11
13
19
11
17
4
9
13
17
28
3
6
26
37
32
36
4
10
27
29
4
23
25
12
7
9
11
33
21
31
22
37
37
32
37
23
31
48
23
31
25
25
18
24
11
11
17
32
13
11
11
15
9
17
46
15
36
24
45
21
11
21
18
25
6
22
3
36
17
30
23
20
25
43
28
28
3
11
45
18
22
16
37
19
5
9
9
13
19
20
11
20
21
21
35
34
13
14
35
33
36
38
25
41
18
3
8
36
11
15
20
6
18
3
20
6
24
19
12
8
19
36
21
23
37
23
37
33
16
18
27
23
14
27
24
6
21
42
36
23
25
23
21
53
33
22
40
10
21
18
23
7
16
3
8
16
17
3
9
23
29
23
24
10
6
12
6
13
11
8
7
9
20
8
17
18
3
30
18
3
14
28
35
16
36
29
25
25
7
18
29
32
9
28
11
20
23
16
15
11
13
16
5
14
40
14
12
3
13
28
13
30
12
39
17
11
13
22
37
24
11
8
15
18
6
39
29
24
20
11
13
15
9
15
17
26
38
18
18
43
45
45
30
48
32
13
26
12
29
13
8
13
20
21
20
17
7
5
12
8
6
3
9
6
18
32
10
22
33
39
16
10
8
13
5
14
23
14
14
12
29
30
24
28
22
32
20
30
16
15
10
14
9
5
7
11
7
8
12
6
10
17
6
5
7
6
8
3
23
6
19
9
30
14
29
37
43
17
17
41
13
3
16
22
26
4
25
33
29
36
31
29
25
10
27
32
23
10
16
30
38
44
12
33
40
18
13
3
15
31
29
26
26
5
8
19
6
11
5
11
8
24
9
9
21
46
29
21
24
35
15
29
48
17
11
3
16
26
19
26
19
36
17
7
19
40
27
33
24
7
7
16
19
24
19
16
24
30
5
32
21
28
24
29
20
9
5
13
14
42
40
32
21
40
42
44
15
23
15
25
34
37
25
33
39
36
25
12
18
22
35
20
25
12
8
26
11
36
31
40
27
35
20
7
8
12
10
29
18
6
5
19
23
9
9
11
16
32
28
6
3
20
6
39
29
25
25
31
43
34
11
2
3
12
8
10
10
8
10
10
7
9
6
8
20
10
28
10
20
18
23
10
6
18
24
20
9
24
18
28
45
19
25
5
13
23
30
22
26
23
11
31
13
15
4
16
11
25
41
16
11
23
12
12
7
14
21
24
4
11
8
13
24
19
19
21
40
31
18
30
5
6
20
11
34
17
41
9
17
15
12
3
32
33
10
26
30
31
47
33
39
23
31
14
23
16
38
4
12
9
26
18
17
4
11
19
8
21
33
10
9
4
14
6
7
8
10
13
7
6
8
3
4
7
6
6
6
7
6
6
4
16
10
5
14
3
9
6
11
6
16
3
4
4
4
3
5
15
11
5
4
6
7
3
8
4
3
11
5
9
6
3
6
4
3
13
7
4
3
29
38
7
6
8
29
18
30
34
28
26
10
40
37
24
37
19
12
19
28
38
27
40
29
50
17
15
25
12
6
11
22
28
10
7
15
13
7
31
8
13
4
19
27
13
9
22
25
35
12
3
8
15
19
11
8
9
13
12
48
33
38
40
43
25
29
26
22
22
14
6
36
23
10
17
17
34
16
12
21
12
11
8
29
20
23
24
25
20
32
43
34
34
7
14
7
28
8
20
17
16
22
36
35
29
10
3
4
7
16
15
21
15
8
17
23
18
14
16
31
10
11
10
28
25
36
29
8
6
27
10
20
29
29
6
5
20
12
14
20
29
11
37
51
28
56
31
28
21
22
13
12
23
21
4
32
26
7
20
13
15
21
32
6
26
31
19
10
4
31
7
16
17
13
46
25
36
27
25
15
14
21
8
32
14
32
32
38
24
18
25
32
40
42
29
33
31
16
7
18
6
9
6
15
16
17
17
5
11
10
13
9
15
10
11
8
6
22
6
6
17
10
4
