-35.3667 -7.6 0.6171875 0.171875 0.2109375 0 0
-35.3667 -7.6 0.6171875 0.171875 0.2109375 0 0
-35.3667 -7.6 0.6171875 0.171875 0.2109375 0 0
-35.3667 -7.6 0.6171875 0.171875 0.2109375 0 0
-35.3667 -7.6 0.6171875 0.171875 0.2109375 0 0
-35.3667 -7.6 0.6171875 0.171875 0.2109375 0 0
-36.0167 -8.3667 0.171875 0.666666666666667 0.161458333333333 0 0
-36.0167 -8.3667 0.171875 0.666666666666667 0.161458333333333 0 0
-36.0167 -8.3667 0.171875 0.666666666666667 0.161458333333333 0 0
-36.0167 -8.3667 0.171875 0.666666666666667 0.161458333333333 0 0
-36.0167 -8.3667 0.171875 0.666666666666667 0.161458333333333 0 0
-36.0167 -8.3667 0.171875 0.666666666666667 0.161458333333333 0 0
-36.0167 -8.3667 0.171875 0.666666666666667 0.161458333333333 0 0
-36.0167 -8.3667 0.171875 0.666666666666667 0.161458333333333 0 0
-36.0167 -8.3667 0.171875 0.666666666666667 0.161458333333333 0 0
-36.4 -8.2 0.174479166666667 0.6640625 0.161458333333333 0 0
-36.4 -8.2 0.174479166666667 0.6640625 0.161458333333333 0 0
-36.4 -8.2 0.174479166666667 0.6640625 0.161458333333333 0 0
-36.4 -8.2 0.174479166666667 0.6640625 0.161458333333333 0 0
-36.4 -8.2 0.174479166666667 0.6640625 0.161458333333333 0 0
-35.8333 -8.7167 0.666666666666667 0.1640625 0.169270833333333 0 0
-35.8333 -8.7167 0.666666666666667 0.1640625 0.169270833333333 0 0
-35.8333 -8.7167 0.666666666666667 0.1640625 0.169270833333333 0 0
-35.8333 -8.7167 0.666666666666667 0.1640625 0.169270833333333 0 0
-35.8333 -8.7167 0.666666666666667 0.1640625 0.169270833333333 0 0
-35.8333 -8.7167 0.666666666666667 0.1640625 0.169270833333333 0 0
-35.8333 -8.7167 0.666666666666667 0.1640625 0.169270833333333 0 0
-35.8333 -8.7167 0.666666666666667 0.1640625 0.169270833333333 0 0
-38.7167 -3.8833 0.161458333333333 0.171875 0.666666666666667 0 0
-38.7167 -3.8833 0.161458333333333 0.171875 0.666666666666667 0 0
-38.7167 -3.8833 0.161458333333333 0.171875 0.666666666666667 0 0
-38.7167 -3.8833 0.161458333333333 0.171875 0.666666666666667 0 0
-38.7167 -3.8833 0.161458333333333 0.171875 0.666666666666667 0 0
-38.7167 -3.8833 0.161458333333333 0.171875 0.666666666666667 0 0
-38.7167 -3.8833 0.161458333333333 0.171875 0.666666666666667 0 0
-35.1833 -8.0167 0.6640625 0.166666666666667 0.169270833333333 0 0
-35.1833 -8.0167 0.6640625 0.166666666666667 0.169270833333333 0 0
-35.1833 -8.0167 0.6640625 0.166666666666667 0.169270833333333 0 0
-35.1833 -8.0167 0.6640625 0.166666666666667 0.169270833333333 0 0
-35.1833 -8.0167 0.6640625 0.166666666666667 0.169270833333333 0 0
-35.1833 -8.0167 0.6640625 0.166666666666667 0.169270833333333 0 0
-35.1833 -8.0167 0.6640625 0.166666666666667 0.169270833333333 0 0
