0.379130927364773 0.0406715366480513 0.0883729478125052 -999 -999
0.0337105683675605 0.0195206060058527 0.0455490398776964 -999 -999
0.0330689325680016 0.021657324586804 0.0319891483079177 -999 -999
0.0347618026404292 0.173279899384093 0.197991445484092 -999 -999
0.0310583076996722 0.0211255340150449 0.0720236678762163 -999 -999
0.0293579812154098 0.125585038567346 0.0503436846604454 -999 -999
0.0281884236435478 0.0631747517242976 0.0168643236011227 -999 -999
0.0293111267287768 0.0794899890015386 0.0167832016696057 -999 -999
0.0321098943207024 0.0416910929107879 0.0169252691973085 -999 -999
0.0289013516057346 0.0405882875133691 0.0323624625115185 -999 -999
0.0275824983690889 0.0889243841366556 0.016556419046416 -999 -999
0.0287282309317838 0.0428813257067832 0.0171342131540321 -999 -999
0.024199385299198 0.0410213653664343 0.0185920879079978 -999 -999
0.030187342336898 0.0224682598336331 0.0604344004667068 -999 -999
0.0272712443562212 0.021567349144255 0.0630064572077754 -999 -999
0.0266086576165311 0.0216856513164087 0.0321912224943809 -999 -999
0.0285209473944482 0.0233525749090172 0.0981621226417433 -999 -999
0.0277096513646782 0.0210398332599256 0.034315400896785 -999 -999
0.0301061668847633 0.0205882558121097 0.050578965296097 -999 -999
0.0894865592917813 0.0696869401575925 0.0398235198896369 -999 -999
-999 -999 -999 -999 -999
0.0283929167729515 0.037912287566261 0.0320746176097693 -999 -999
0.0292091761514555 0.019889747874658 0.0338378006009879 -999 -999
0.0308674927112053 0.0202019034851864 0.0306469869654011 -999 -999
0.355308990876968 0.020627139725866 0.0484995749637672 -999 -999
0.0323388881111757 0.185298751922084 0.23852644938875 -999 -999
0.0284475703893744 0.0213573341092952 0.0320319621870293 -999 -999
0.0295172132342734 0.0843006017449328 0.0165758174069986 -999 -999
0.0300078030919368 0.0630413645904589 0.0157605704624639 -999 -999
0.028086853959859 0.0856063669379933 0.0167972888224807 -999 -999
0.0278550487482885 0.0386476920221131 0.0164008809542525 -999 -999
0.0299803526709155 0.101382262060196 0.0170751571575356 -999 -999
0.0283164765535507 0.0420785388038085 0.015942494779848 -999 -999
0.0255029057020682 0.0410842131847551 0.0156629170498457 -999 -999
0.0290077924377816 0.0215288742357332 0.0325252352606807 -999 -999
0.0304112492957612 0.0212066137931364 0.0350818234371474 -999 -999
0.0296067246597747 0.0220937014684303 0.0483427876148828 -999 -999
0.0273533334909161 0.0207592029001967 0.0362451237374809 -999 -999
0.0295479998561476 0.0215669313184532 0.0327010934515436 -999 -999
0.0255500519897934 0.0209411480833511 0.0809743167141939 -999 -999
0.0272426983125443 0.0195963204558774 0.0322404171192111 -999 -999
0.0974484609832585 0.0908790037172133 0.17205668431573 -999 -999
0.0447663444970172 0.476553947791906 0.324076518246164 -999 -999
0.0391205559237735 0.0768206922869232 0.0398968206924926 -999 -999
0.147575940445459 0.0278122654818881 0.169638461545431 -999 -999
0.042193808227734 0.0242555668677483 0.0584720954069142 -999 -999
0.0379918735223516 0.0860584399832971 0.0194232978425081 -999 -999
0.0384300862024026 0.0524490420629284 0.0199831921920752 -999 -999
0.0411679737327166 0.0767835547742034 0.0192616012902772 -999 -999
0.0412678648985689 0.0260716962906673 0.0406793999817121 -999 -999
0.329946821650944 0.0268985913811949 0.0196291766355531 -999 -999
0.0370594232408986 0.0271596497205238 0.0790173870868275 -999 -999
0.200479307658133 0.0991365533587197 0.209922049080045 -999 -999
-999 -999 -999 -999 -999
-999 -999 -999 -999 -999
-999 -999 -999 -999 -999
-999 -999 -999 -999 -999
-999 -999 -999 -999 -999
-999 -999 -999 -999 -999
-999 -999 -999 -999 -999
-999 -999 -999 -999 -999
-999 -999 -999 -999 -999
-999 -999 -999 -999 -999
-999 -999 -999 -999 -999
-999 -999 -999 -999 -999
-999 -999 -999 -999 -999
-999 -999 -999 -999 -999
-999 -999 -999 -999 -999
-999 -999 -999 -999 -999
-999 -999 -999 -999 -999
-999 -999 -999 -999 -999
-999 -999 -999 -999 -999
-999 -999 -999 -999 -999
-999 -999 -999 -999 -999
-999 -999 -999 -999 -999
-999 -999 -999 -999 -999
-999 -999 -999 -999 -999
-999 -999 -999 -999 -999
-999 -999 -999 -999 -999
-999 -999 -999 -999 -999
-999 -999 -999 -999 -999
-999 -999 -999 -999 -999
-999 -999 -999 -999 -999
-999 -999 -999 -999 -999
-999 -999 -999 -999 -999
-999 -999 -999 -999 -999
-999 -999 -999 -999 -999
-999 -999 -999 -999 -999
-999 -999 -999 -999 -999
-999 -999 -999 -999 -999
-999 -999 -999 -999 -999
-999 -999 -999 -999 -999
-999 -999 -999 -999 -999
-999 -999 -999 -999 -999
-999 -999 -999 -999 -999
-999 -999 -999 -999 -999
-999 -999 -999 -999 -999
-999 -999 -999 -999 -999
-999 -999 -999 -999 -999
-999 -999 -999 -999 -999
-999 -999 -999 -999 -999
-999 -999 -999 -999 -999
-999 -999 -999 -999 -999
-999 -999 -999 -999 -999
-999 -999 -999 -999 -999
