34
8
24
27
17
16
32
19
41
11
21
34
10
23
8
6
14
21
13
23
17
30
36
16
28
23
20
8
8
15
40
16
29
14
10
15
27
22
23
28
11
3
27
9
7
13
8
26
45
30
26
13
18
11
18
5
5
22
24
10
9
23
18
7
5
22
18
7
3
29
26
31
21
16
10
26
20
13
15
18
19
14
27
32
38
30
40
27
24
38
32
8
33
28
56
23
12
10
25
13
18
41
39
34
20
34
18
8
19
38
37
14
25
14
34
40
29
20
34
13
17
31
29
46
27
7
3
27
29
18
28
35
15
6
14
9
3
15
19
7
9
21
14
5
19
15
5
10
11
8
12
10
33
6
40
10
12
17
13
15
11
15
25
12
11
7
14
4
12
14
33
19
8
15
4
22
16
22
45
22
16
14
17
7
11
15
17
21
19
14
11
4
16
11
12
21
9
45
52
21
23
32
41
22
28
14
11
8
11
39
48
37
16
8
18
22
11
12
36
41
40
33
21
17
3
14
20
15
19
13
18
8
15
43
15
26
25
40
25
21
34
11
40
18
44
34
36
16
25
33
35
26
28
31
54
28
34
16
25
29
26
4
4
7
3
18
23
9
6
16
15
4
7
5
9
7
8
18
10
16
22
11
22
29
20
16
17
19
12
12
11
19
17
10
5
19
35
35
32
27
6
23
24
15
44
36
40
49
41
35
12
36
21
10
11
5
16
15
25
32
51
42
45
27
12
15
8
5
11
17
7
21
10
32
9
13
6
6
22
40
37
21
7
13
29
45
20
28
17
24
32
28
46
34
28
13
20
29
20
5
16
35
38
31
11
14
7
31
34
20
6
24
3
8
33
8
16
19
6
9
31
18
12
10
27
21
15
29
34
20
15
22
34
6
16
15
22
7
23
8
21
24
28
11
15
29
26
20
21
21
4
13
15
26
23
37
22
21
32
42
28
17
29
38
21
37
32
37
31
42
36
24
37
28
14
7
5
18
31
21
43
31
17
8
6
12
22
4
12
13
5
11
5
2
2
4
19
23
22
9
12
13
27
3
13
34
25
18
28
35
45
16
11
17
14
14
27
34
14
23
3
7
32
28
12
9
34
17
16
15
11
12
19
36
27
18
22
27
24
19
22
9
11
4
42
29
28
26
4
13
24
13
7
14
31
32
29
12
32
50
42
17
6
5
21
25
25
16
12
32
43
19
3
21
11
12
11
9
4
13
4
6
4
6
9
3
4
22
6
15
18
22
12
7
20
8
4
12
5
8
18
11
14
24
8
16
32
9
16
17
31
43
23
40
7
20
22
6
13
13
24
24
24
20
26
27
36
18
19
25
17
6
36
20
40
19
31
14
15
6
26
6
20
5
10
28
10
28
26
28
41
32
16
39
11
15
41
44
25
27
9
3
9
34
9
6
15
10
35
38
11
10
17
22
31
38
28
14
18
23
48
56
40
26
14
3
13
28
19
20
26
25
24
18
24
33
37
23
7
30
17
24
7
35
21
31
18
4
9
18
5
15
31
24
6
35
41
31
37
11
35
27
15
10
17
14
8
15
24
22
6
17
21
23
32
27
23
8
7
9
19
18
3
5
21
32
7
8
7
12
16
3
5
20
23
30
8
11
4
35
9
24
16
13
17
32
23
34
35
38
24
24
30
8
23
12
23
4
5
29
14
16
5
14
16
45
14
20
4
40
36
13
12
26
33
5
21
6
7
29
20
5
24
21
21
22
24
10
24
19
7
18
14
9
16
7
4
22
24
29
3
7
17
11
24
7
11
9
18
14
19
21
19
22
8
32
22
23
40
24
31
9
16
31
27
18
7
12
22
14
4
16
31
25
9
11
25
29
14
39
20
20
27
24
20
15
20
36
14
36
18
15
13
35
17
8
8
14
26
25
24
40
14
4
22
16
28
47
29
19
24
34
45
15
28
37
12
21
10
24
29
21
13
15
12
14
22
19
14
26
27
36
6
4
10
32
22
4
5
13
16
12
35
28
6
18
30
11
21
14
7
11
17
8
9
9
27
38
31
48
8
12
18
10
4
9
7
4
10
4
14
26
24
7
29
32
18
38
7
24
6
5
9
21
59
38
13
32
38
23
8
6
22
23
42
42
15
20
20
24
8
26
3
21
16
14
15
14
16
15
26
21
10
21
16
30
15
11
8
17
32
37
24
5
9
28
20
39
35
26
23
38
9
34
42
13
18
23
17
15
25
28
7
11
10
7
20
25
30
17
37
28
28
36
6
19
5
9
23
4
