-35.3667 -7.6 0.246786632390745 0.187660668380463 0.565552699228792 0 0
-35.3667 -7.6 0.246786632390745 0.187660668380463 0.565552699228792 0 0
-35.3667 -7.6 0.246786632390745 0.187660668380463 0.565552699228792 0 0
-35.3667 -7.6 0.246786632390745 0.187660668380463 0.565552699228792 0 0
-35.3667 -7.6 0.246786632390745 0.187660668380463 0.565552699228792 0 0
-35.3667 -7.6 0.246786632390745 0.187660668380463 0.565552699228792 0 0
-36.0167 -8.3667 0.174807197943445 0.616966580976864 0.208226221079692 0 0
-36.0167 -8.3667 0.174807197943445 0.616966580976864 0.208226221079692 0 0
-36.0167 -8.3667 0.174807197943445 0.616966580976864 0.208226221079692 0 0
-36.0167 -8.3667 0.174807197943445 0.616966580976864 0.208226221079692 0 0
-36.0167 -8.3667 0.174807197943445 0.616966580976864 0.208226221079692 0 0
-36.0167 -8.3667 0.174807197943445 0.616966580976864 0.208226221079692 0 0
-36.0167 -8.3667 0.174807197943445 0.616966580976864 0.208226221079692 0 0
-36.0167 -8.3667 0.174807197943445 0.616966580976864 0.208226221079692 0 0
-36.0167 -8.3667 0.174807197943445 0.616966580976864 0.208226221079692 0 0
-36.4 -8.2 0.174807197943445 0.622107969151671 0.203084832904884 0 0
-36.4 -8.2 0.174807197943445 0.622107969151671 0.203084832904884 0 0
-36.4 -8.2 0.174807197943445 0.622107969151671 0.203084832904884 0 0
-36.4 -8.2 0.174807197943445 0.622107969151671 0.203084832904884 0 0
-36.4 -8.2 0.174807197943445 0.622107969151671 0.203084832904884 0 0
-35.8333 -8.7167 0.200514138817481 0.177377892030848 0.622107969151671 0 0
-35.8333 -8.7167 0.200514138817481 0.177377892030848 0.622107969151671 0 0
-35.8333 -8.7167 0.200514138817481 0.177377892030848 0.622107969151671 0 0
-35.8333 -8.7167 0.200514138817481 0.177377892030848 0.622107969151671 0 0
-35.8333 -8.7167 0.200514138817481 0.177377892030848 0.622107969151671 0 0
-35.8333 -8.7167 0.200514138817481 0.177377892030848 0.622107969151671 0 0
-35.8333 -8.7167 0.200514138817481 0.177377892030848 0.622107969151671 0 0
-35.8333 -8.7167 0.200514138817481 0.177377892030848 0.622107969151671 0 0
-38.7167 -3.8833 0.624678663239075 0.200514138817481 0.174807197943445 0 0
-38.7167 -3.8833 0.624678663239075 0.200514138817481 0.174807197943445 0 0
-38.7167 -3.8833 0.624678663239075 0.200514138817481 0.174807197943445 0 0
-38.7167 -3.8833 0.624678663239075 0.200514138817481 0.174807197943445 0 0
-38.7167 -3.8833 0.624678663239075 0.200514138817481 0.174807197943445 0 0
-38.7167 -3.8833 0.624678663239075 0.200514138817481 0.174807197943445 0 0
-38.7167 -3.8833 0.624678663239075 0.200514138817481 0.174807197943445 0 0
-35.1833 -8.0167 0.200514138817481 0.190231362467866 0.609254498714653 0 0
-35.1833 -8.0167 0.200514138817481 0.190231362467866 0.609254498714653 0 0
-35.1833 -8.0167 0.200514138817481 0.190231362467866 0.609254498714653 0 0
-35.1833 -8.0167 0.200514138817481 0.190231362467866 0.609254498714653 0 0
-35.1833 -8.0167 0.200514138817481 0.190231362467866 0.609254498714653 0 0
-35.1833 -8.0167 0.200514138817481 0.190231362467866 0.609254498714653 0 0
-35.1833 -8.0167 0.200514138817481 0.190231362467866 0.609254498714653 0 0
