-1 54 2 23 5 11 5 11 3 1 1 11 42 66 105 28 44 1 70 65 39 10 7 12 21 6 57 9 6 12 9 29 44 23 41 
AA925_1-1 1 0 0 3 3 1 1 3 2 2 3 2 3 3 1 0 2 3 3 2 0 3 2 0 1 1 3 0 1 1 3 0 3 2 0 
AA925_1-2 1 3 1 2 3 1 1 3 2 2 3 2 3 3 1 0 2 3 3 2 0 3 2 0 1 1 3 0 1 1 3 0 3 2 0 
AA925_2-1 1 0 0 3 3 1 1 3 2 2 3 2 3 3 1 0 2 3 3 2 0 3 2 0 2 1 3 0 1 1 3 0 3 2 0 
AA925_2-2 1 3 1 2 3 1 1 3 2 2 3 2 3 3 1 0 2 3 3 2 0 3 2 0 2 1 3 0 1 1 3 0 3 2 0 
AA936_1-1 1 0 1 3 3 1 1 3 2 2 3 2 3 3 2 0 2 3 3 2 0 3 2 3 -9 2 3 3 2 2 3 0 3 2 0 
AA936_1-2 1 3 1 2 3 1 1 0 2 2 3 1 3 3 2 0 2 3 3 2 0 3 2 3 -9 2 3 3 2 2 3 0 3 2 0 
AA936_2-1 1 0 1 3 3 1 1 3 2 2 3 2 3 3 2 0 2 3 3 2 0 3 2 0 1 1 3 0 1 2 3 0 3 2 0 
AA936_2-2 1 3 1 2 3 1 1 0 2 2 3 1 3 3 2 0 2 3 3 2 0 3 2 0 1 1 3 0 1 2 3 0 3 2 0 
AA946-1 1 3 1 2 3 1 1 3 2 2 3 2 3 3 2 0 2 3 3 0 0 3 1 0 2 1 3 0 1 2 3 0 3 2 0 
AA946-2 1 3 1 3 3 1 1 3 2 2 3 2 3 3 2 0 2 3 3 0 0 3 1 0 2 1 3 0 1 2 3 0 3 2 0 
AA947_1-1 1 0 1 3 3 1 1 3 2 2 3 2 3 3 2 0 2 3 3 2 0 3 2 0 2 1 3 0 1 1 3 0 3 2 0 
AA947_1-2 1 3 1 2 3 1 1 3 2 2 3 2 3 3 2 0 2 3 3 2 0 3 2 0 2 1 3 0 1 1 3 0 3 2 0 
AA948-1 1 0 1 3 3 1 1 3 2 2 3 2 3 3 2 0 2 3 3 2 0 3 2 0 1 1 3 0 1 2 3 0 3 2 0 
AA948-2 1 3 1 2 3 1 1 3 2 2 3 2 3 3 2 0 2 3 3 2 0 3 2 0 1 1 3 0 1 2 3 0 3 2 0 
BC728-1 1 0 1 2 3 1 1 3 2 2 3 2 3 3 2 0 2 3 3 2 0 3 2 0 1 1 3 0 1 1 0 0 3 2 0 
BC728-2 1 3 1 2 3 1 1 3 2 2 3 2 3 3 2 0 2 3 3 2 1 1 2 0 1 1 3 0 1 1 0 0 3 2 0 
BC729_1-1 1 0 1 2 3 1 1 3 2 0 3 2 3 0 1 0 2 3 3 2 1 1 2 3 2 1 3 0 1 1 3 0 3 2 0 
BC729_1-2 1 3 1 2 3 1 1 3 2 2 3 2 3 3 1 0 2 3 3 2 1 1 2 3 2 1 3 0 1 1 3 0 3 2 0 
BC729_2-1 1 0 1 2 3 1 1 3 2 0 3 2 3 0 2 0 2 3 3 2 0 3 2 0 -9 1 3 0 1 1 3 0 3 2 0 
BC729_2-2 1 3 1 2 3 1 1 3 2 2 3 2 3 3 2 0 2 3 3 2 0 3 2 0 -9 1 3 0 1 1 3 0 3 2 0 
BC765-1 1 0 1 2 3 1 1 3 2 0 3 2 3 3 2 0 2 3 3 2 1 1 2 0 1 1 3 0 1 1 3 0 3 2 0 
BC765-2 1 0 1 2 3 1 1 3 2 0 3 2 3 0 1 0 2 3 3 2 1 1 2 3 2 1 3 0 1 1 3 0 3 2 0 
BC766-1 1 0 1 2 3 1 1 3 2 2 3 2 3 3 2 0 2 3 3 2 0 3 2 0 1 1 3 0 1 1 3 0 3 2 0 
BC766-2 1 0 1 2 3 1 1 3 2 2 3 2 3 3 2 0 2 3 3 2 0 3 2 0 1 1 3 0 1 1 3 0 3 2 0 
BMD376-1 1 0 1 3 3 2 0 3 0 2 0 1 3 3 2 0 2 3 3 2 1 3 2 0 2 1 3 0 1 1 3 0 3 2 0 
BMD376-2 1 0 1 3 3 2 0 3 0 2 0 1 3 3 2 0 2 3 3 2 1 3 2 0 2 1 3 0 1 1 3 0 3 2 0 
BMD826-1 1 0 1 2 3 1 1 3 2 2 3 2 3 3 2 0 2 3 3 2 0 3 2 0 2 1 3 0 1 1 3 0 3 2 0 
BMD826-2 1 0 1 2 3 1 1 3 2 2 3 2 3 3 2 0 2 3 3 2 0 3 2 0 1 1 3 0 1 1 3 0 3 2 0 
BMD830-1 1 0 1 3 3 2 0 3 0 2 0 1 3 3 2 0 2 3 3 2 1 3 2 0 2 1 3 0 1 1 3 0 3 2 0 
BMD830-2 1 3 1 2 3 1 1 3 2 2 3 2 3 3 2 0 2 3 3 2 0 3 2 0 1 1 3 3 2 2 3 0 3 2 0 
BMD840_1-1 1 0 1 3 3 2 0 3 0 2 0 1 3 3 2 0 2 3 3 2 1 3 2 0 2 1 3 0 1 1 3 0 3 2 0 
BMD840_1-2 1 3 1 2 3 2 0 3 2 2 3 2 3 3 2 0 2 3 3 2 1 3 2 0 2 1 3 0 1 1 3 0 3 2 0 
BMD840_2-1 1 0 1 3 3 2 0 3 0 2 0 1 3 3 2 0 2 3 3 2 0 3 2 0 1 1 3 0 1 1 3 0 3 2 0 
BMD840_2-2 1 3 1 2 3 2 0 3 2 2 3 2 3 3 2 0 2 3 3 2 0 3 2 0 1 1 3 0 1 1 3 0 3 2 0 
FC1015_1-1 1 0 1 2 1 1 1 3 2 2 3 2 3 3 2 0 2 3 3 2 0 3 2 0 1 1 3 0 1 1 3 0 3 2 0 
FC1015_1-2 1 3 1 3 3 2 1 3 2 2 3 2 3 3 2 0 2 3 3 2 0 3 2 0 1 1 3 0 1 1 3 0 3 2 0 
FC1015_2-1 1 0 1 2 1 1 1 3 2 2 3 2 3 3 2 2 2 3 3 2 0 3 2 0 -9 1 3 0 1 1 3 0 3 2 0 
FC1015_2-2 1 3 1 3 3 2 1 3 2 2 3 2 3 3 2 2 2 3 3 2 0 3 2 0 -9 1 3 0 1 1 3 0 3 2 0 
FC1038-1 1 3 1 2 3 1 1 3 2 2 3 2 3 3 2 0 2 3 3 2 0 3 2 0 1 1 3 0 1 1 3 0 3 2 0 
FC1038-2 1 3 1 2 3 1 1 3 2 2 3 2 0 3 2 0 2 3 0 3 0 3 2 0 2 1 3 0 1 1 3 0 3 2 0 
FC1058_1-1 1 3 1 3 3 2 1 3 2 2 3 2 3 3 2 0 2 3 3 2 0 3 2 0 1 1 3 0 1 2 3 0 3 2 0 
FC1058_1-2 1 3 0 1 3 1 1 3 2 2 3 2 3 0 2 0 2 3 3 2 0 3 2 0 1 1 3 0 1 2 3 0 3 2 0 
FC1065_1-1 1 0 1 2 1 1 1 3 2 2 3 2 3 3 2 0 2 3 3 2 0 3 2 0 1 1 3 0 1 1 3 0 3 2 0 
FC1065_1-2 1 0 1 2 1 1 1 3 2 2 3 2 3 3 2 0 2 3 3 2 0 3 2 0 1 1 3 0 1 1 3 0 3 2 0 
FC1065_2-1 1 0 1 2 1 1 1 3 2 2 3 2 3 3 2 2 2 3 3 2 0 3 2 0 -9 1 3 0 1 1 3 0 3 2 0 
FC1065_2-2 1 0 1 2 1 1 1 3 2 2 3 2 3 3 2 2 2 3 3 2 0 3 2 0 -9 1 3 0 1 1 3 0 3 2 0 
FC481_1-1 1 3 1 2 3 1 1 3 2 2 3 2 3 3 2 0 2 0 3 2 0 3 2 0 1 1 3 0 1 1 3 0 3 2 0 
FC481_1-2 1 3 1 3 3 2 1 3 2 2 3 2 3 3 2 0 2 0 3 2 0 3 2 0 1 1 3 0 1 1 3 0 3 2 0 
FC481_2-1 1 3 1 2 3 1 1 3 2 2 3 2 3 3 2 0 1 3 3 2 0 3 2 0 1 1 3 0 1 2 3 0 3 1 0 
FC481_2-2 1 3 1 3 3 2 1 3 2 2 3 2 3 3 2 0 1 3 3 2 0 3 2 0 1 1 3 0 1 2 3 0 3 1 0 
SM1553-1 1 0 1 3 3 1 1 3 2 2 3 2 3 3 2 0 2 3 3 2 0 3 2 0 2 1 0 0 1 2 3 0 3 2 0 
SM1553-2 1 0 1 3 3 1 1 3 2 2 3 2 3 3 2 0 2 3 3 2 0 3 2 0 2 1 0 0 1 2 3 0 3 2 0 
SM1577-1 1 0 1 3 3 1 1 3 2 2 3 2 3 3 2 0 2 3 3 2 0 3 2 0 2 1 3 0 1 2 3 0 3 2 0 
SM1577-2 1 0 1 3 3 1 1 3 2 2 3 2 3 3 2 0 2 3 3 2 0 3 2 0 2 1 3 0 1 2 3 0 3 2 0 
SM1578-1 1 0 1 3 3 1 1 3 2 2 3 2 3 3 2 0 2 3 3 2 0 3 2 0 2 1 0 0 1 2 3 0 3 2 0 
SM1578-2 1 0 1 3 3 1 1 3 2 2 3 2 3 3 2 0 2 3 3 2 0 3 2 0 2 1 0 0 1 2 3 0 3 2 0 
SM1580-1 1 0 1 3 3 1 1 3 2 2 3 2 3 3 2 0 2 3 3 2 0 3 2 0 2 1 0 0 1 2 3 0 3 2 0 
SM1580-2 1 0 1 3 3 1 1 3 2 2 3 2 3 3 2 0 2 3 3 2 0 3 2 0 2 1 0 0 1 2 3 0 3 2 0 
SM1581_1-1 1 0 1 3 3 1 1 3 2 2 3 2 3 3 2 0 2 3 3 2 0 3 2 0 2 1 0 0 1 2 3 0 3 2 0 
SM1581_1-2 1 0 1 3 3 1 1 3 2 2 3 2 3 3 2 0 2 3 3 2 0 3 2 0 2 1 0 0 1 2 3 0 3 2 0 
SM1581_2-1 1 0 1 3 3 1 1 3 2 2 3 2 3 3 2 0 2 3 3 2 0 3 2 0 2 1 3 0 1 2 3 0 0 2 0 
SM1581_2-2 1 0 1 3 3 1 1 3 2 2 3 2 3 3 2 0 2 3 3 2 0 3 2 0 2 1 3 0 1 2 3 0 0 2 0 
SM1582-1 1 0 1 3 3 1 1 3 2 2 3 2 3 3 2 0 2 3 3 2 0 3 2 0 2 1 0 0 1 2 3 0 3 2 0 
SM1582-2 1 0 1 3 3 1 1 3 2 2 3 2 3 3 2 0 2 3 3 2 0 3 2 0 2 1 0 0 1 2 3 0 3 2 0 
SM1587-1 1 0 1 3 3 1 1 3 2 2 3 2 3 3 2 0 2 3 3 2 0 3 2 0 2 1 3 0 1 2 3 0 3 2 0 
SM1587-2 1 0 1 3 3 1 1 3 2 2 3 2 3 3 2 0 2 3 3 2 0 3 2 0 2 1 3 0 1 2 3 0 3 2 0 
TAP1474_2-1 1 3 1 3 3 1 1 3 2 2 3 2 3 3 2 0 2 3 3 2 0 3 2 0 1 1 3 0 1 1 3 0 3 2 0 
TAP1474_2-2 1 3 0 2 3 1 1 3 2 2 3 2 3 3 2 0 2 3 3 2 0 3 2 0 1 1 3 0 1 1 3 0 3 2 0 
TAP1475-1 1 3 1 2 3 1 1 3 2 2 3 2 3 3 2 0 2 3 3 2 0 3 2 0 1 1 3 0 1 2 3 0 3 2 0 
TAP1475-2 1 3 1 2 3 1 1 3 2 2 3 2 3 3 2 0 2 3 3 2 0 3 2 3 1 1 3 0 1 1 3 0 3 2 0 
TAP1476-1 1 0 1 2 3 1 1 3 2 2 3 2 3 3 2 0 2 3 3 2 0 3 2 0 1 1 3 0 1 1 3 0 3 2 0 
TAP1476-2 1 3 1 2 3 1 1 3 2 2 3 2 0 3 2 0 2 3 3 2 0 3 2 3 1 1 3 0 1 1 3 1 3 2 0 
TAP1477_1-1 1 0 1 3 3 1 1 3 2 2 3 2 3 3 2 0 2 3 3 2 0 3 2 3 1 1 3 0 1 1 3 1 3 2 0 
TAP1477_1-2 1 3 1 2 3 1 1 3 2 2 3 2 0 3 2 0 2 3 3 2 0 3 2 3 1 1 3 0 1 1 3 1 3 2 0 
TAP1477_2-1 1 0 1 3 3 1 1 3 2 2 3 2 3 3 2 0 2 3 3 2 0 3 2 0 1 1 3 0 1 2 3 0 3 2 0 
TAP1477_2-2 1 3 1 2 3 1 1 3 2 2 3 2 0 3 2 0 2 3 3 2 0 3 2 0 1 1 3 0 1 2 3 0 3 2 0 
TAP1480-1 1 0 1 2 3 1 1 3 2 2 3 2 3 3 2 0 2 3 3 2 0 3 2 0 1 1 3 0 1 1 3 0 3 2 0 
TAP1480-2 1 3 1 2 3 1 1 3 2 2 3 2 0 3 2 0 2 3 3 2 0 3 2 3 1 1 3 0 1 1 3 1 3 2 0 
TAP1483-1 1 3 1 3 3 1 1 3 2 2 3 2 3 3 2 0 2 3 3 2 0 3 2 0 1 1 3 0 1 1 3 0 3 2 0 
TAP1483-2 1 3 1 3 3 1 1 3 2 2 3 2 3 3 2 0 2 3 3 2 0 3 2 0 1 1 3 0 1 1 3 0 3 2 0 
