0.380141512181188 0.0672682968453448 0.0678268533182013 -999 -999
0.0311856628396782 0.0340560482346174 0.0307993357716665 -999 -999
0.0330424491233576 0.0289225909300148 0.0247071946339475 -999 -999
0.0365988694237882 0.176705659608782 0.194771843991574 -999 -999
0.0315351523661743 0.046713116046392 0.0452328474595652 -999 -999
0.0265809449499255 0.0881976982792314 0.0856654221767532 -999 -999
0.0298416671293973 0.0402962539091499 0.0371356080267378 -999 -999
0.0298787737381106 0.0524308777375715 0.0470753073092835 -999 -999
0.0267659113674113 0.0297353842185666 0.0285450673073241 -999 -999
0.0284892995178147 0.0382404180878331 0.0349295607027199 -999 -999
0.0277979134792362 0.0537849100678443 0.0527915686322906 -999 -999
0.028642567339388 0.0305288698183512 0.0287047279177122 -999 -999
0.0290401018643143 0.0302526974143384 0.028795310863321 -999 -999
0.0297161494046977 0.0388332850484994 0.0388957332357398 -999 -999
0.0292283395435324 0.0441506464000666 0.0440861396687283 -999 -999
0.0284023863934898 0.0274171467666162 0.0267546048775604 -999 -999
0.0308566447876647 0.0592808140269556 0.0627429326541427 -999 -999
0.0289845742362382 0.0280091182902943 0.0276233241906415 -999 -999
0.0252345258198466 0.0349666985757795 0.0352232286613605 -999 -999
0.0880365544947465 0.0502094696937509 0.0576933886007295 -999 -999
-999 -999 -999 -999 -999
0.0301141671625161 0.0367409048750848 0.0345549030200231 -999 -999
0.0314560203536703 0.0253940440068914 0.0254199894171219 -999 -999
0.0296937103405663 0.026783065084955 0.0255376923595799 -999 -999
0.345468223603299 0.0328196344538019 0.0359049714332437 -999 -999
0.0329006048459753 0.192983523210884 0.228768335169445 -999 -999
0.0299003587367127 0.0270931313459094 0.0238112323291639 -999 -999
0.0291311948811623 0.0525521564636679 0.0506546635707071 -999 -999
0.0278506843625524 0.039423371693576 0.0382479280347692 -999 -999
0.0267792323734092 0.0589109675954212 0.0520844450525242 -999 -999
0.0278671852935382 0.0295465478207178 0.0261225499751881 -999 -999
0.0268802084634068 0.0623300784010462 0.0517783736922235 -999 -999
0.0276398724461475 0.0318315751757163 0.0293690100347545 -999 -999
0.0278219087545736 0.0295074003099363 0.0286676930125519 -999 -999
0.0287255220873064 0.0273468627233404 0.0253060176616051 -999 -999
0.0265734547823563 0.0300740632624184 0.026856110487342 -999 -999
0.0302572253785865 0.0347225962887441 0.0366036201795051 -999 -999
0.0267221950803003 0.0277064472515591 0.0295322371654567 -999 -999
0.0283245830038944 0.0286919796618045 0.0277825062355274 -999 -999
0.0281887312042148 0.0526168536174817 0.0541295732360316 -999 -999
0.0288813390607454 0.0271054279693063 0.0262875516364886 -999 -999
0.108823577785067 0.125819368787737 0.122580596296748 -999 -999
0.0470058695013157 0.367716851710131 0.432621337102942 -999 -999
0.0415420796804075 0.0701773517618606 0.0491141913581113 -999 -999
0.151571728966341 0.100508196991628 0.0989294835283685 -999 -999
0.0412672300581668 0.0471014853244561 0.0447354152672244 -999 -999
0.0366029844485596 0.0595282198923384 0.0475553818103069 -999 -999
0.039490311359148 0.0387182064048212 0.0317781122005099 -999 -999
0.0406374148435433 0.0543291906202514 0.0431417854623262 -999 -999
0.0380290245294175 0.0355462215365859 0.0313862771456282 -999 -999
0.317051776719159 0.0253603457458332 0.018889441540863 -999 -999
0.0377577515976319 0.0554623056823316 0.0539860252153179 -999 -999
0.20904382829631 0.145551624329762 0.147862549368402 -999 -999
-999 -999 -999 -999 -999
-999 -999 -999 -999 -999
-999 -999 -999 -999 -999
-999 -999 -999 -999 -999
-999 -999 -999 -999 -999
-999 -999 -999 -999 -999
-999 -999 -999 -999 -999
-999 -999 -999 -999 -999
-999 -999 -999 -999 -999
-999 -999 -999 -999 -999
-999 -999 -999 -999 -999
-999 -999 -999 -999 -999
-999 -999 -999 -999 -999
-999 -999 -999 -999 -999
-999 -999 -999 -999 -999
-999 -999 -999 -999 -999
-999 -999 -999 -999 -999
-999 -999 -999 -999 -999
-999 -999 -999 -999 -999
-999 -999 -999 -999 -999
-999 -999 -999 -999 -999
-999 -999 -999 -999 -999
-999 -999 -999 -999 -999
-999 -999 -999 -999 -999
-999 -999 -999 -999 -999
-999 -999 -999 -999 -999
-999 -999 -999 -999 -999
-999 -999 -999 -999 -999
-999 -999 -999 -999 -999
-999 -999 -999 -999 -999
-999 -999 -999 -999 -999
-999 -999 -999 -999 -999
-999 -999 -999 -999 -999
-999 -999 -999 -999 -999
-999 -999 -999 -999 -999
-999 -999 -999 -999 -999
-999 -999 -999 -999 -999
-999 -999 -999 -999 -999
-999 -999 -999 -999 -999
-999 -999 -999 -999 -999
-999 -999 -999 -999 -999
-999 -999 -999 -999 -999
-999 -999 -999 -999 -999
-999 -999 -999 -999 -999
-999 -999 -999 -999 -999
-999 -999 -999 -999 -999
-999 -999 -999 -999 -999
-999 -999 -999 -999 -999
-999 -999 -999 -999 -999
-999 -999 -999 -999 -999
-999 -999 -999 -999 -999
-999 -999 -999 -999 -999
