19
14
4
13
11
27
31
13
14
17
25
21
18
17
8
19
9
6
15
6
13
16
6
20
12
10
10
17
6
7
10
13
4
25
29
17
18
9
13
7
10
5
7
14
10
23
19
9
7
9
6
4
32
34
35
7
19
19
8
16
12
18
13
10
5
9
32
32
17
15
16
16
19
7
16
26
37
24
22
19
26
15
9
35
4
9
9
15
19
7
21
11
20
29
45
15
46
37
15
5
7
17
15
5
12
12
12
16
24
5
11
5
18
8
2
4
9
7
4
12
7
11
16
10
20
29
17
46
7
39
42
24
12
7
21
27
15
11
20
3
8
11
25
24
22
27
14
6
4
8
8
25
27
13
7
12
31
5
5
18
27
24
28
18
7
7
14
17
19
10
7
11
9
7
10
14
11
16
38
12
15
3
7
23
27
19
11
9
3
5
8
13
6
5
10
13
7
2
6
38
34
24
24
9
12
23
23
39
22
23
19
7
3
14
12
13
14
17
16
22
30
40
5
17
7
16
11
10
13
14
8
3
12
7
4
4
7
5
11
4
6
7
5
3
5
3
11
9
4
5
4
8
4
8
32
33
35
35
21
34
14
24
27
21
35
19
32
57
28
26
16
46
24
41
8
21
6
27
7
7
4
18
19
50
21
35
31
18
28
21
36
30
23
33
32
33
39
24
22
30
31
18
30
8
11
9
32
15
43
17
27
34
45
43
42
26
19
18
20
24
15
20
23
35
39
33
18
20
11
2
3
7
12
14
13
9
7
3
45
39
37
49
34
23
15
18
9
14
15
13
25
6
5
10
24
14
11
29
6
22
5
8
5
11
18
11
12
18
19
27
15
13
17
17
32
26
23
29
6
4
31
4
13
9
11
35
36
32
16
17
16
18
33
17
31
26
43
34
7
3
16
40
52
20
18
22
13
33
30
4
21
15
24
40
32
25
5
20
14
9
16
20
9
15
15
20
8
26
33
37
25
40
36
41
43
30
15
14
13
25
3
10
14
14
11
5
30
25
36
33
34
20
20
15
17
29
18
28
25
20
42
33
27
42
4
32
33
18
32
26
19
29
20
34
37
32
18
42
27
7
12
28
37
43
34
20
14
16
6
7
2
3
8
2
29
18
20
33
8
5
24
31
23
6
24
22
37
24
14
16
37
22
17
19
38
37
17
7
21
18
7
6
10
29
9
8
24
50
6
10
9
18
21
31
44
27
5
24
18
24
27
19
13
30
19
26
25
41
41
20
30
24
24
33
38
33
42
25
39
23
40
27
18
52
18
35
39
23
30
10
11
11
12
4
10
3
8
3
3
18
17
40
30
28
22
28
18
8
20
10
17
48
20
4
21
8
30
10
7
13
3
32
46
35
31
32
38
31
17
17
14
20
25
16
7
4
8
39
38
42
24
25
27
9
17
23
34
13
27
10
36
19
31
11
10
12
24
22
46
19
22
12
27
32
42
25
21
27
25
12
30
19
5
4
14
23
26
4
16
14
17
50
51
38
4
11
39
24
38
37
28
32
35
45
40
25
47
47
43
41
17
15
13
12
33
22
23
30
27
7
31
6
15
7
8
12
4
20
15
17
24
14
20
31
41
13
33
18
13
5
7
12
28
43
22
22
43
15
35
27
4
7
28
7
24
42
33
29
18
27
18
28
25
26
27
16
16
21
37
24
22
7
33
35
10
36
38
5
16
27
20
14
31
12
19
32
36
27
22
23
14
8
13
22
26
25
31
35
36
27
6
18
16
12
7
24
37
23
31
6
11
18
8
21
31
22
18
15
22
32
26
19
5
3
13
9
29
24
33
20
36
38
31
26
16
11
10
29
5
14
5
6
43
22
11
18
23
28
29
21
15
22
23
15
28
39
37
33
15
7
16
33
30
22
18
14
16
15
13
49
24
23
31
30
35
7
32
37
24
7
15
24
44
30
31
30
13
26
10
21
17
35
42
11
4
23
22
30
22
23
29
24
26
5
7
10
29
35
11
16
7
24
43
15
12
36
21
12
8
30
15
4
5
12
17
10
3
10
28
13
30
38
14
6
12
19
38
22
33
19
8
4
20
25
17
15
26
9
10
6
16
4
6
9
8
6
7
3
6
20
28
38
30
15
8
19
22
32
5
26
32
20
31
42
25
19
7
20
7
7
13
10
26
20
20
23
21
24
8
12
25
27
28
4
4
10
14
13
26
15
10
31
12
28
23
11
2
3
8
25
3
30
30
42
30
27
32
9
27
23
14
9
13
30
22
4
5
16
7
4
