-35.3667 -7.6 0.208955223880597 0.398009950248756 0.393034825870647 0 0
-35.3667 -7.6 0.208955223880597 0.398009950248756 0.393034825870647 0 0
-35.3667 -7.6 0.208955223880597 0.398009950248756 0.393034825870647 0 0
-35.3667 -7.6 0.208955223880597 0.398009950248756 0.393034825870647 0 0
-35.3667 -7.6 0.208955223880597 0.398009950248756 0.393034825870647 0 0
-35.3667 -7.6 0.208955223880597 0.398009950248756 0.393034825870647 0 0
-36.0167 -8.3667 0.196517412935323 0.412935323383085 0.390547263681592 0 0
-36.0167 -8.3667 0.196517412935323 0.412935323383085 0.390547263681592 0 0
-36.0167 -8.3667 0.196517412935323 0.412935323383085 0.390547263681592 0 0
-36.0167 -8.3667 0.196517412935323 0.412935323383085 0.390547263681592 0 0
-36.0167 -8.3667 0.196517412935323 0.412935323383085 0.390547263681592 0 0
-36.0167 -8.3667 0.196517412935323 0.412935323383085 0.390547263681592 0 0
-36.0167 -8.3667 0.196517412935323 0.412935323383085 0.390547263681592 0 0
-36.0167 -8.3667 0.196517412935323 0.412935323383085 0.390547263681592 0 0
-36.0167 -8.3667 0.196517412935323 0.412935323383085 0.390547263681592 0 0
-36.4 -8.2 0.199004975124378 0.41044776119403 0.390547263681592 0 0
-36.4 -8.2 0.199004975124378 0.41044776119403 0.390547263681592 0 0
-36.4 -8.2 0.199004975124378 0.41044776119403 0.390547263681592 0 0
-36.4 -8.2 0.199004975124378 0.41044776119403 0.390547263681592 0 0
-36.4 -8.2 0.199004975124378 0.41044776119403 0.390547263681592 0 0
-35.8333 -8.7167 0.171641791044776 0.422885572139304 0.40547263681592 0 0
-35.8333 -8.7167 0.171641791044776 0.422885572139304 0.40547263681592 0 0
-35.8333 -8.7167 0.171641791044776 0.422885572139304 0.40547263681592 0 0
-35.8333 -8.7167 0.171641791044776 0.422885572139304 0.40547263681592 0 0
-35.8333 -8.7167 0.171641791044776 0.422885572139304 0.40547263681592 0 0
-35.8333 -8.7167 0.171641791044776 0.422885572139304 0.40547263681592 0 0
-35.8333 -8.7167 0.171641791044776 0.422885572139304 0.40547263681592 0 0
-35.8333 -8.7167 0.171641791044776 0.422885572139304 0.40547263681592 0 0
-38.7167 -3.8833 0.629353233830846 0.159203980099502 0.211442786069652 0 0
-38.7167 -3.8833 0.629353233830846 0.159203980099502 0.211442786069652 0 0
-38.7167 -3.8833 0.629353233830846 0.159203980099502 0.211442786069652 0 0
-38.7167 -3.8833 0.629353233830846 0.159203980099502 0.211442786069652 0 0
-38.7167 -3.8833 0.629353233830846 0.159203980099502 0.211442786069652 0 0
-38.7167 -3.8833 0.629353233830846 0.159203980099502 0.211442786069652 0 0
-38.7167 -3.8833 0.629353233830846 0.159203980099502 0.211442786069652 0 0
-35.1833 -8.0167 0.171641791044776 0.417910447761194 0.41044776119403 0 0
-35.1833 -8.0167 0.171641791044776 0.417910447761194 0.41044776119403 0 0
-35.1833 -8.0167 0.171641791044776 0.417910447761194 0.41044776119403 0 0
-35.1833 -8.0167 0.171641791044776 0.417910447761194 0.41044776119403 0 0
-35.1833 -8.0167 0.171641791044776 0.417910447761194 0.41044776119403 0 0
-35.1833 -8.0167 0.171641791044776 0.417910447761194 0.41044776119403 0 0
-35.1833 -8.0167 0.171641791044776 0.417910447761194 0.41044776119403 0 0
