0.0436715273855395 0.364416668832872 0.0956044730744315 -999 -999 -999 -999 -999 -999 -999
0.020504697157757 0.0360731730687645 0.0500370004415519 -999 -999 -999 -999 -999 -999 -999
0.0208221325353657 0.0308347652002817 0.0331063860996605 -999 -999 -999 -999 -999 -999 -999
0.173280942024306 0.0340310452906632 0.200298699625024 -999 -999 -999 -999 -999 -999 -999
0.0217127035905439 0.0308012577407237 0.0721504050524105 -999 -999 -999 -999 -999 -999 -999
0.128213566975419 0.0334293206914686 0.0490204510925767 -999 -999 -999 -999 -999 -999 -999
0.0596860609674205 0.0279597362798628 0.0170129692804367 -999 -999 -999 -999 -999 -999 -999
0.0800889743437327 0.0294957831755791 0.0156027160845445 -999 -999 -999 -999 -999 -999 -999
0.0402267713022067 0.0330677551457404 0.0171053301069365 -999 -999 -999 -999 -999 -999 -999
0.0397689783390277 0.0283104846101134 0.033063831759084 -999 -999 -999 -999 -999 -999 -999
0.0930776188558154 0.0294496787435799 0.0155847605604937 -999 -999 -999 -999 -999 -999 -999
0.0432444326745518 0.0286626513919969 0.0172110304725132 -999 -999 -999 -999 -999 -999 -999
0.0418818847908551 0.0310897653509503 0.0158158430061209 -999 -999 -999 -999 -999 -999 -999
0.0212512215701131 0.027813115342169 0.0561041104187859 -999 -999 -999 -999 -999 -999 -999
0.0219272730650358 0.0309490814631194 0.0627537152819811 -999 -999 -999 -999 -999 -999 -999
0.0196734892670985 0.0292476796152166 0.0326589643902272 -999 -999 -999 -999 -999 -999 -999
0.0220334788395799 0.0308828455391861 0.0963940440783977 -999 -999 -999 -999 -999 -999 -999
0.0209309252248092 0.0281100404202625 0.0314315997837637 -999 -999 -999 -999 -999 -999 -999
0.0205178311962748 0.0290411091368104 0.0484975833920645 -999 -999 -999 -999 -999 -999 -999
0.0674854898945473 0.0863340429606397 0.0405460859989955 -999 -999 -999 -999 -999 -999 -999
-999 -999 -999 -999 -999 -999 -999 -999 -999 -999
0.0401416951220108 0.0323278884688624 0.0308656255605975 -999 -999 -999 -999 -999 -999 -999
0.022408128404968 0.0292884515495891 0.0327330457916641 -999 -999 -999 -999 -999 -999 -999
0.0198118913087489 0.030450110786376 0.0318087046686849 -999 -999 -999 -999 -999 -999 -999
0.0224212316190157 0.353357432949945 0.05254411919528 -999 -999 -999 -999 -999 -999 -999
0.18947858876316 0.0340312862341147 0.234676210362425 -999 -999 -999 -999 -999 -999 -999
0.0205957396636895 0.0290909137794416 0.0304304972900146 -999 -999 -999 -999 -999 -999 -999
0.0848564392635137 0.0306570430205524 0.0163921965388379 -999 -999 -999 -999 -999 -999 -999
0.0597676248732734 0.027941702187538 0.0167766958174665 -999 -999 -999 -999 -999 -999 -999
0.0873576646605896 0.0280101928047351 0.0165914917384608 -999 -999 -999 -999 -999 -999 -999
0.0394837390553633 0.0270411578708847 0.0184296076436079 -999 -999 -999 -999 -999 -999 -999
0.0938985281845601 0.0302259367864566 0.016366060138134 -999 -999 -999 -999 -999 -999 -999
0.040385482011182 0.0268193307682557 0.0173985121869233 -999 -999 -999 -999 -999 -999 -999
0.0425750645771844 0.0256741704579229 0.0158858837076203 -999 -999 -999 -999 -999 -999 -999
0.0209357640680609 0.0277840064875238 0.0330929893946731 -999 -999 -999 -999 -999 -999 -999
0.0203922544584284 0.027413617744278 0.0343721578913698 -999 -999 -999 -999 -999 -999 -999
0.0207057114366094 0.0306967409251727 0.0480336987978375 -999 -999 -999 -999 -999 -999 -999
0.0203048514348405 0.0273954050168388 0.0333911687312027 -999 -999 -999 -999 -999 -999 -999
0.0214498266738928 0.0285447913676346 0.0344845606282245 -999 -999 -999 -999 -999 -999 -999
0.0214068773994608 0.029173101706035 0.0816916416953282 -999 -999 -999 -999 -999 -999 -999
0.0197657137836526 0.028098897205532 0.0315828351081476 -999 -999 -999 -999 -999 -999 -999
0.0918571832377957 0.0959778218823113 0.1724522971135 -999 -999 -999 -999 -999 -999 -999
0.481651322171465 0.0481138331074899 0.320614080124085 -999 -999 -999 -999 -999 -999 -999
0.0795449726383282 0.0451591323998183 0.0392548938110434 -999 -999 -999 -999 -999 -999 -999
0.0259704050152071 0.1472672862846 0.171615644336899 -999 -999 -999 -999 -999 -999 -999
0.0243623253498704 0.0403820202875619 0.0605445951861743 -999 -999 -999 -999 -999 -999 -999
0.0845621594434319 0.0344500203128519 0.0225756144708712 -999 -999 -999 -999 -999 -999 -999
0.0499757637306645 0.0378460293732854 0.0177039515788362 -999 -999 -999 -999 -999 -999 -999
0.0777943931605384 0.0420750959174319 0.0178015397457009 -999 -999 -999 -999 -999 -999 -999
0.0247883811207056 0.0405302912622382 0.0397545149836642 -999 -999 -999 -999 -999 -999 -999
0.0237422782525612 0.321664756770852 0.0223079885322614 -999 -999 -999 -999 -999 -999 -999
0.0280925804152342 0.0382346612600164 0.0818088407836031 -999 -999 -999 -999 -999 -999 -999
0.0995154187019935 0.204276873023854 0.206018336446861 -999 -999 -999 -999 -999 -999 -999
-999 -999 -999 -999 -999 -999 -999 -999 -999 -999
-999 -999 -999 -999 -999 -999 -999 -999 -999 -999
-999 -999 -999 -999 -999 -999 -999 -999 -999 -999
-999 -999 -999 -999 -999 -999 -999 -999 -999 -999
-999 -999 -999 -999 -999 -999 -999 -999 -999 -999
-999 -999 -999 -999 -999 -999 -999 -999 -999 -999
-999 -999 -999 -999 -999 -999 -999 -999 -999 -999
-999 -999 -999 -999 -999 -999 -999 -999 -999 -999
-999 -999 -999 -999 -999 -999 -999 -999 -999 -999
-999 -999 -999 -999 -999 -999 -999 -999 -999 -999
-999 -999 -999 -999 -999 -999 -999 -999 -999 -999
-999 -999 -999 -999 -999 -999 -999 -999 -999 -999
-999 -999 -999 -999 -999 -999 -999 -999 -999 -999
-999 -999 -999 -999 -999 -999 -999 -999 -999 -999
-999 -999 -999 -999 -999 -999 -999 -999 -999 -999
-999 -999 -999 -999 -999 -999 -999 -999 -999 -999
-999 -999 -999 -999 -999 -999 -999 -999 -999 -999
-999 -999 -999 -999 -999 -999 -999 -999 -999 -999
-999 -999 -999 -999 -999 -999 -999 -999 -999 -999
-999 -999 -999 -999 -999 -999 -999 -999 -999 -999
-999 -999 -999 -999 -999 -999 -999 -999 -999 -999
-999 -999 -999 -999 -999 -999 -999 -999 -999 -999
-999 -999 -999 -999 -999 -999 -999 -999 -999 -999
-999 -999 -999 -999 -999 -999 -999 -999 -999 -999
-999 -999 -999 -999 -999 -999 -999 -999 -999 -999
-999 -999 -999 -999 -999 -999 -999 -999 -999 -999
-999 -999 -999 -999 -999 -999 -999 -999 -999 -999
-999 -999 -999 -999 -999 -999 -999 -999 -999 -999
-999 -999 -999 -999 -999 -999 -999 -999 -999 -999
-999 -999 -999 -999 -999 -999 -999 -999 -999 -999
-999 -999 -999 -999 -999 -999 -999 -999 -999 -999
-999 -999 -999 -999 -999 -999 -999 -999 -999 -999
-999 -999 -999 -999 -999 -999 -999 -999 -999 -999
-999 -999 -999 -999 -999 -999 -999 -999 -999 -999
-999 -999 -999 -999 -999 -999 -999 -999 -999 -999
-999 -999 -999 -999 -999 -999 -999 -999 -999 -999
-999 -999 -999 -999 -999 -999 -999 -999 -999 -999
-999 -999 -999 -999 -999 -999 -999 -999 -999 -999
-999 -999 -999 -999 -999 -999 -999 -999 -999 -999
-999 -999 -999 -999 -999 -999 -999 -999 -999 -999
-999 -999 -999 -999 -999 -999 -999 -999 -999 -999
-999 -999 -999 -999 -999 -999 -999 -999 -999 -999
-999 -999 -999 -999 -999 -999 -999 -999 -999 -999
-999 -999 -999 -999 -999 -999 -999 -999 -999 -999
-999 -999 -999 -999 -999 -999 -999 -999 -999 -999
-999 -999 -999 -999 -999 -999 -999 -999 -999 -999
-999 -999 -999 -999 -999 -999 -999 -999 -999 -999
-999 -999 -999 -999 -999 -999 -999 -999 -999 -999
-999 -999 -999 -999 -999 -999 -999 -999 -999 -999
-999 -999 -999 -999 -999 -999 -999 -999 -999 -999
-999 -999 -999 -999 -999 -999 -999 -999 -999 -999
-999 -999 -999 -999 -999 -999 -999 -999 -999 -999
