6
21
9
28
34
11
23
16
25
24
16
39
15
7
15
14
7
29
4
17
42
7
47
32
24
18
12
10
28
14
14
40
27
15
5
16
10
29
11
12
14
12
7
33
18
32
35
34
15
34
30
10
15
43
13
10
20
20
30
12
22
27
13
35
32
19
41
19
16
8
43
15
38
29
16
5
14
4
14
18
26
8
5
15
36
42
6
22
24
6
12
37
11
10
12
15
44
9
46
29
6
15
4
6
6
8
4
29
17
17
15
30
8
41
12
18
15
31
6
40
5
7
5
38
22
16
4
44
25
13
21
14
19
27
12
28
22
18
34
21
23
13
33
28
34
13
23
12
41
26
15
17
13
28
21
16
6
26
8
17
20
7
4
12
30
10
10
8
31
17
6
30
11
15
28
26
10
26
3
27
13
28
20
7
12
7
12
7
7
35
19
15
24
23
22
12
33
22
9
19
7
32
10
16
29
6
11
4
27
6
14
24
6
38
28
30
14
33
9
9
4
30
8
9
5
5
5
21
14
6
8
17
2
20
39
12
34
39
24
35
14
21
9
14
13
5
9
35
40
25
41
7
29
15
31
21
24
32
8
2
22
4
16
10
10
11
6
6
16
35
16
29
12
36
15
9
26
38
32
42
7
23
12
10
26
21
15
5
31
29
27
14
48
36
4
32
3
19
12
31
8
23
12
12
29
14
4
21
12
36
31
30
9
8
5
17
26
12
30
18
15
23
26
7
5
8
6
8
6
3
4
7
17
3
4
6
5
5
5
3
3
3
5
6
4
4
5
3
11
7
6
4
3
11
12
3
8
20
15
19
7
12
19
4
4
44
14
17
6
7
11
43
29
24
17
42
52
25
23
35
36
26
19
32
31
19
49
29
10
19
11
4
11
14
18
9
5
31
11
10
8
43
13
28
23
46
33
32
17
19
17
24
11
17
22
15
4
17
3
27
27
14
6
21
5
9
15
7
9
26
7
11
34
14
39
30
12
32
17
39
29
17
9
18
10
26
35
14
20
19
29
15
5
15
13
22
29
28
14
25
33
6
23
26
13
24
15
31
45
18
33
31
23
19
11
28
21
10
23
2
22
6
18
35
33
28
10
22
21
15
39
18
7
7
12
12
43
7
4
29
36
32
19
13
35
11
23
11
48
20
8
28
22
23
10
45
17
12
33
37
9
33
5
11
27
12
14
36
44
29
3
10
19
11
33
11
3
30
7
31
31
11
36
6
29
29
44
10
17
6
36
21
19
38
10
21
24
19
24
22
11
15
18
8
16
50
15
25
14
10
24
23
50
36
21
20
34
20
41
6
23
21
16
9
25
26
10
18
15
10
8
20
25
26
14
34
11
5
28
11
19
9
33
16
10
27
24
10
6
24
10
10
36
24
36
21
19
25
25
7
10
33
19
19
29
12
26
45
25
23
4
12
27
16
38
7
11
41
22
4
22
23
27
15
25
43
15
7
16
21
27
16
42
39
25
53
31
3
4
8
39
31
12
20
17
21
16
23
18
4
31
12
22
21
6
16
29
20
28
5
38
26
14
16
37
13
44
30
7
24
38
7
40
10
13
20
29
40
34
8
22
28
27
31
6
25
16
17
16
14
46
13
9
15
31
13
31
17
31
32
32
15
9
36
8
20
26
20
4
13
18
6
9
22
9
20
14
17
18
20
15
17
26
10
13
20
16
5
16
24
7
28
19
37
31
29
15
8
7
40
22
12
21
20
4
35
13
15
14
28
22
28
27
15
20
21
29
37
11
30
20
11
46
13
3
3
4
5
3
4
4
3
3
4
3
4
4
4
6
15
4
5
3
5
16
18
5
16
32
36
19
25
13
11
12
45
32
39
16
26
32
19
15
23
12
5
10
29
17
15
12
20
20
17
13
15
3
16
6
44
10
26
37
18
14
8
25
14
21
13
43
31
25
35
46
13
36
8
36
52
33
27
37
17
10
3
13
14
11
26
15
31
6
11
24
27
16
28
7
9
12
6
19
24
20
34
22
5
9
15
5
6
6
37
27
35
8
24
29
9
15
4
13
17
33
37
11
21
39
8
9
15
39
22
13
16
12
23
35
19
16
7
14
33
7
28
12
14
11
8
27
29
22
13
9
16
25
21
33
35
18
21
17
41
24
23
12
15
22
16
13
20
9
17
22
12
42
40
15
12
37
16
13
42
26
17
25
34
14
15
15
13
3
14
37
21
24
13
17
45
35
9
27
44
11
22
34
10
14
25
6
5
5
27
15
20
12
11
36
16
