-35.3667 -7.6 0.537275064267352 0.223650385604113 0.239074550128535 0 0
-35.3667 -7.6 0.537275064267352 0.223650385604113 0.239074550128535 0 0
-35.3667 -7.6 0.537275064267352 0.223650385604113 0.239074550128535 0 0
-35.3667 -7.6 0.537275064267352 0.223650385604113 0.239074550128535 0 0
-35.3667 -7.6 0.537275064267352 0.223650385604113 0.239074550128535 0 0
-35.3667 -7.6 0.537275064267352 0.223650385604113 0.239074550128535 0 0
-36.0167 -8.3667 0.290488431876607 0.57840616966581 0.131105398457584 0 0
-36.0167 -8.3667 0.290488431876607 0.57840616966581 0.131105398457584 0 0
-36.0167 -8.3667 0.290488431876607 0.57840616966581 0.131105398457584 0 0
-36.0167 -8.3667 0.290488431876607 0.57840616966581 0.131105398457584 0 0
-36.0167 -8.3667 0.290488431876607 0.57840616966581 0.131105398457584 0 0
-36.0167 -8.3667 0.290488431876607 0.57840616966581 0.131105398457584 0 0
-36.0167 -8.3667 0.290488431876607 0.57840616966581 0.131105398457584 0 0
-36.0167 -8.3667 0.290488431876607 0.57840616966581 0.131105398457584 0 0
-36.0167 -8.3667 0.290488431876607 0.57840616966581 0.131105398457584 0 0
-36.4 -8.2 0.282776349614396 0.583547557840617 0.133676092544987 0 0
-36.4 -8.2 0.282776349614396 0.583547557840617 0.133676092544987 0 0
-36.4 -8.2 0.282776349614396 0.583547557840617 0.133676092544987 0 0
-36.4 -8.2 0.282776349614396 0.583547557840617 0.133676092544987 0 0
-36.4 -8.2 0.282776349614396 0.583547557840617 0.133676092544987 0 0
-35.8333 -8.7167 0.573264781491003 0.226221079691517 0.200514138817481 0 0
-35.8333 -8.7167 0.573264781491003 0.226221079691517 0.200514138817481 0 0
-35.8333 -8.7167 0.573264781491003 0.226221079691517 0.200514138817481 0 0
-35.8333 -8.7167 0.573264781491003 0.226221079691517 0.200514138817481 0 0
-35.8333 -8.7167 0.573264781491003 0.226221079691517 0.200514138817481 0 0
-35.8333 -8.7167 0.573264781491003 0.226221079691517 0.200514138817481 0 0
-35.8333 -8.7167 0.573264781491003 0.226221079691517 0.200514138817481 0 0
-35.8333 -8.7167 0.573264781491003 0.226221079691517 0.200514138817481 0 0
-38.7167 -3.8833 0.146529562982005 0.19280205655527 0.660668380462725 0 0
-38.7167 -3.8833 0.146529562982005 0.19280205655527 0.660668380462725 0 0
-38.7167 -3.8833 0.146529562982005 0.19280205655527 0.660668380462725 0 0
-38.7167 -3.8833 0.146529562982005 0.19280205655527 0.660668380462725 0 0
-38.7167 -3.8833 0.146529562982005 0.19280205655527 0.660668380462725 0 0
-38.7167 -3.8833 0.146529562982005 0.19280205655527 0.660668380462725 0 0
-38.7167 -3.8833 0.146529562982005 0.19280205655527 0.660668380462725 0 0
-35.1833 -8.0167 0.586118251928021 0.215938303341902 0.197943444730077 0 0
-35.1833 -8.0167 0.586118251928021 0.215938303341902 0.197943444730077 0 0
-35.1833 -8.0167 0.586118251928021 0.215938303341902 0.197943444730077 0 0
-35.1833 -8.0167 0.586118251928021 0.215938303341902 0.197943444730077 0 0
-35.1833 -8.0167 0.586118251928021 0.215938303341902 0.197943444730077 0 0
-35.1833 -8.0167 0.586118251928021 0.215938303341902 0.197943444730077 0 0
-35.1833 -8.0167 0.586118251928021 0.215938303341902 0.197943444730077 0 0
